hypothesis,minutes,symbol,cost,samples,mean_return,median_return,trimmed_mean_5,winsorized_mean_5,win_rate,profit_factor,q10,q90
HIGH_6H_CONTINUE_LONG,5,BNBUSDT,0.0,7900,3.904102658875135e-05,-3.967660852410848e-05,-5.7184982731363015e-06,1.885722680769626e-05,0.4831645569620253,1.057729327110894,-0.00204996458862281,0.0021821984374565066
HIGH_6H_CONTINUE_LONG,5,BNBUSDT,0.0004,7900,-0.0003609589734112487,-0.0004396766085241085,-0.0004057184982731363,-0.00038114277319230375,0.3640506329113924,0.6023299045353635,-0.00244996458862281,0.0017821984374565066
HIGH_6H_CONTINUE_LONG,5,BNBUSDT,0.0006,7900,-0.0005609589734112486,-0.0006396766085241084,-0.0006057184982731361,-0.0005811427731923036,0.30886075949367087,0.46099090207450255,-0.0026499645886228097,0.0015821984374565067
HIGH_6H_CONTINUE_LONG,5,BTCUSDT,0.0,6270,-8.923731111736723e-05,-0.00019697706547328053,-0.0001326886143104223,-0.00010492270679438416,0.4376395534290271,0.8838994926913502,-0.0022039516306238014,0.002188577735331166
HIGH_6H_CONTINUE_LONG,5,BTCUSDT,0.0004,6270,-0.0004892373111173672,-0.0005969770654732805,-0.0005326886143104224,-0.0005049227067943842,0.32567783094098884,0.5188032008426557,-0.0026039516306238016,0.001788577735331166
HIGH_6H_CONTINUE_LONG,5,BTCUSDT,0.0006,6270,-0.0006892373111173671,-0.0007969770654732805,-0.0007326886143104222,-0.000704922706794384,0.2781499202551834,0.4039930196820251,-0.0028039516306238013,0.001588577735331166
HIGH_6H_CONTINUE_LONG,5,ETHUSDT,0.0,5476,-7.713438369144397e-05,-0.0003365151029168789,-0.00017875988847075464,-0.00012159685523776221,0.4338933528122717,0.9299175437384598,-0.0031611625716379543,0.003369246589143615
HIGH_6H_CONTINUE_LONG,5,ETHUSDT,0.0004,5476,-0.00047713438369144406,-0.0007365151029168789,-0.0005787598884707548,-0.0005215968552377623,0.36066471877282685,0.6443722502958331,-0.0035611625716379545,0.002969246589143615
HIGH_6H_CONTINUE_LONG,5,ETHUSDT,0.0006,5476,-0.0006771343836914439,-0.0009365151029168789,-0.0007787598884707546,-0.000721596855237762,0.3281592403214025,0.5402424873216498,-0.003761162571637954,0.0027692465891436154
HIGH_6H_CONTINUE_LONG,5,SOLUSDT,0.0,6524,-7.831324654801774e-05,-0.00030582525363664903,-0.0001507597162832631,-0.00010126799289397454,0.4440527283874923,0.9374185486501683,-0.0036341987324854273,0.0037881265505102617
HIGH_6H_CONTINUE_LONG,5,SOLUSDT,0.0004,6524,-0.0004783132465480178,-0.000705825253636649,-0.0005507597162832632,-0.0005012679928939746,0.387952176578786,0.6778657284667888,-0.0040341987324854275,0.0033881265505102615
HIGH_6H_CONTINUE_LONG,5,SOLUSDT,0.0006,6524,-0.0006783132465480177,-0.000905825253636649,-0.0007507597162832631,-0.0007012679928939743,0.3576026977314531,0.578745502505646,-0.004234198732485427,0.003188126550510262
HIGH_6H_CONTINUE_LONG,15,BNBUSDT,0.0,7900,1.2985960209481405e-05,-0.0001588954081966354,-8.870457815176652e-05,-4.1326842803139483e-05,0.4640506329113924,1.011290506851351,-0.0034021957608039275,0.00366875311688768
HIGH_6H_CONTINUE_LONG,15,BNBUSDT,0.0004,7900,-0.0003870140397905187,-0.0005588954081966354,-0.0004887045781517665,-0.00044132684280313953,0.3879746835443038,0.719475182485364,-0.0038021957608039276,0.0032687531168876798
HIGH_6H_CONTINUE_LONG,15,BNBUSDT,0.0006,7900,-0.0005870140397905184,-0.0007588954081966353,-0.0006887045781517666,-0.0006413268428031393,0.3540506329113924,0.6100321919905215,-0.004002195760803928,0.00306875311688768
HIGH_6H_CONTINUE_LONG,15,BTCUSDT,0.0,6270,-0.000165809912193651,-0.0003854252173363659,-0.00025620861258685896,-0.00020013302891496332,0.4256778309409888,0.8671629133945152,-0.003513939862102722,0.003464259990559818
HIGH_6H_CONTINUE_LONG,15,BTCUSDT,0.0004,6270,-0.000565809912193651,-0.0007854252173363659,-0.000656208612586859,-0.0006001330289149634,0.3547049441786284,0.6207233059831107,-0.003913939862102722,0.003064259990559818
HIGH_6H_CONTINUE_LONG,15,BTCUSDT,0.0006,6270,-0.0007658099121936509,-0.0009854252173363658,-0.0008562086125868586,-0.000800133028914963,0.3258373205741627,0.5284225132238468,-0.004113939862102721,0.0028642599905598183
HIGH_6H_CONTINUE_LONG,15,ETHUSDT,0.0,5476,-0.0001916985343631575,-0.000641848265095557,-0.0003572457075007217,-0.00025674974181006223,0.41070124178232287,0.8892280325271003,-0.0048880376847168505,0.005005524630975922
HIGH_6H_CONTINUE_LONG,15,ETHUSDT,0.0004,5476,-0.0005916985343631577,-0.001041848265095557,-0.0007572457075007219,-0.0006567497418100625,0.366691015339664,0.7003768722890127,-0.005288037684716851,0.004605524630975921
HIGH_6H_CONTINUE_LONG,15,ETHUSDT,0.0006,5476,-0.0007916985343631573,-0.0012418482650955569,-0.0009572457075007219,-0.0008567497418100621,0.3487947406866326,0.6235573659822776,-0.00548803768471685,0.004405524630975922
HIGH_6H_CONTINUE_LONG,15,SOLUSDT,0.0,6524,-0.0002893547259818578,-0.0006587870626693637,-0.000416573154077728,-0.00032576527225007957,0.4262722256284488,0.8621223491956951,-0.005982978859056253,0.005945133592109752
HIGH_6H_CONTINUE_LONG,15,SOLUSDT,0.0004,6524,-0.000689354725981858,-0.0010587870626693637,-0.0008165731540777278,-0.0007257652722500798,0.38994481912936846,0.7047492992610525,-0.006382978859056253,0.005545133592109752
HIGH_6H_CONTINUE_LONG,15,SOLUSDT,0.0006,6524,-0.0008893547259818578,-0.0012587870626693635,-0.0010165731540777287,-0.0009257652722500795,0.36863887185775596,0.6383363412586125,-0.006582978859056253,0.005345133592109752
HIGH_6H_CONTINUE_LONG,30,BNBUSDT,0.0,7900,3.9666633143719535e-06,-0.0002637407654820789,-0.0001341673022630703,-5.50929164907506e-05,0.4630379746835443,1.0025586357316771,-0.004504609739399379,0.0049628660797771
HIGH_6H_CONTINUE_LONG,30,BNBUSDT,0.0004,7900,-0.00039603333668562817,-0.0006637407654820789,-0.0005341673022630703,-0.0004550929164907508,0.4110126582278481,0.7768943438642212,-0.004904609739399379,0.0045628660797770995
HIGH_6H_CONTINUE_LONG,30,BNBUSDT,0.0006,7900,-0.0005960333366856279,-0.0008637407654820789,-0.0007341673022630706,-0.0006550929164907505,0.3845569620253165,0.6855470976218748,-0.005104609739399379,0.0043628660797771
HIGH_6H_CONTINUE_LONG,30,BTCUSDT,0.0,6270,-0.00019927185681621853,-0.0004599328472250086,-0.0002867286188770491,-0.00023469385951852787,0.4328548644338118,0.878574728620631,-0.004642050516148177,0.004623074462770444
HIGH_6H_CONTINUE_LONG,30,BTCUSDT,0.0004,6270,-0.0005992718568162186,-0.0008599328472250086,-0.000686728618877049,-0.000634693859518528,0.3802232854864434,0.6809932195836362,-0.005042050516148177,0.004223074462770444
HIGH_6H_CONTINUE_LONG,30,BTCUSDT,0.0006,6270,-0.0007992718568162183,-0.0010599328472250084,-0.0008867286188770493,-0.0008346938595185277,0.3526315789473684,0.6014007842295166,-0.005242050516148177,0.004023074462770444
HIGH_6H_CONTINUE_LONG,30,ETHUSDT,0.0,5476,-0.00019717681149096324,-0.0007131917268190513,-0.0004084520576802421,-0.0003120995583112294,0.42531044558071585,0.9126925426743118,-0.006355998795466056,0.006594919979183378
HIGH_6H_CONTINUE_LONG,30,ETHUSDT,0.0004,5476,-0.0005971768114909633,-0.0011131917268190513,-0.0008084520576802416,-0.0007120995583112295,0.38732651570489407,0.760728500304804,-0.006755998795466056,0.006194919979183378
HIGH_6H_CONTINUE_LONG,30,ETHUSDT,0.0006,5476,-0.0007971768114909631,-0.0013131917268190511,-0.0010084520576802425,-0.0009120995583112293,0.37070854638422207,0.6957182845974182,-0.006955998795466056,0.005994919979183378
HIGH_6H_CONTINUE_LONG,30,SOLUSDT,0.0,6524,-0.0003004217636693123,-0.0007464933895591774,-0.0004757430885557732,-0.00038943775626047104,0.43730839975475166,0.8924070951362961,-0.008127314422412968,0.008000175180716806
HIGH_6H_CONTINUE_LONG,30,SOLUSDT,0.0004,6524,-0.0007004217636693123,-0.0011464933895591774,-0.0008757430885557731,-0.0007894377562604712,0.4118638871857756,0.7682195205651341,-0.008527314422412967,0.007600175180716806
HIGH_6H_CONTINUE_LONG,30,SOLUSDT,0.0006,6524,-0.0009004217636693125,-0.0013464933895591773,-0.0010757430885557737,-0.000989437756260471,0.398068669527897,0.7133283795290322,-0.008727314422412967,0.007400175180716806
HIGH_6H_CONTINUE_LONG,60,BNBUSDT,0.0,7900,5.1787242192532404e-05,-0.00021806344931918353,-9.972699945002257e-05,-3.205482775433305e-05,0.4772151898734177,1.0250889890022352,-0.006213528349594199,0.006519291801464583
HIGH_6H_CONTINUE_LONG,60,BNBUSDT,0.0004,7900,-0.0003482127578074675,-0.0006180634493191835,-0.0004997269994500222,-0.00043205482775433303,0.43240506329113926,0.8474154665860736,-0.0066135283495941995,0.006119291801464583
HIGH_6H_CONTINUE_LONG,60,BNBUSDT,0.0006,7900,-0.0005482127578074677,-0.0008180634493191835,-0.0006997269994500231,-0.0006320548277543329,0.4111392405063291,0.77136822042322,-0.006813528349594199,0.005919291801464583
HIGH_6H_CONTINUE_LONG,60,BTCUSDT,0.0,6270,-0.00021032385166046538,-0.0005145282743370672,-0.0003415293788981623,-0.00024988463058789464,0.43859649122807015,0.903268662901454,-0.006166214910386103,0.006335682747213389
HIGH_6H_CONTINUE_LONG,60,BTCUSDT,0.0004,6270,-0.0006103238516604655,-0.0009145282743370671,-0.0007415293788981618,-0.0006498846305878946,0.3939393939393939,0.7465387395469317,-0.006566214910386103,0.005935682747213389
HIGH_6H_CONTINUE_LONG,60,BTCUSDT,0.0006,6270,-0.0008103238516604654,-0.001114528274337067,-0.0009415293788981624,-0.0008498846305878945,0.3722488038277512,0.679853536599545,-0.006766214910386103,0.005735682747213389
HIGH_6H_CONTINUE_LONG,60,ETHUSDT,0.0,5476,-0.00031709568561813327,-0.0009058271391242934,-0.0005520726935120461,-0.0004109831950827945,0.4357195032870709,0.893702138495964,-0.008355982560199315,0.008521782910478226
HIGH_6H_CONTINUE_LONG,60,ETHUSDT,0.0004,5476,-0.0007170956856181332,-0.0013058271391242933,-0.0009520726935120457,-0.0008109831950827946,0.40138787436084733,0.7769890280853992,-0.008755982560199315,0.008121782910478227
HIGH_6H_CONTINUE_LONG,60,ETHUSDT,0.0006,5476,-0.0009170956856181333,-0.0015058271391242932,-0.0011520726935120467,-0.0010109831950827943,0.38403944485025565,0.7251711927553134,-0.008955982560199315,0.007921782910478226
HIGH_6H_CONTINUE_LONG,60,SOLUSDT,0.0,6524,-0.0003415174633287156,-0.0009865809012974958,-0.0005761516291397107,-0.0004309651333389355,0.4409871244635193,0.9081418356936205,-0.010640799150438451,0.010838914662273534
HIGH_6H_CONTINUE_LONG,60,SOLUSDT,0.0004,6524,-0.0007415174633287154,-0.0013865809012974957,-0.0009761516291397099,-0.0008309651333389353,0.41998773758430413,0.8120489522609394,-0.01104079915043845,0.010438914662273535
HIGH_6H_CONTINUE_LONG,60,SOLUSDT,0.0006,6524,-0.000941517463328716,-0.0015865809012974956,-0.0011761516291397113,-0.0010309651333389354,0.4083384426732066,0.7682390403244381,-0.01124079915043845,0.010238914662273535
HIGH_6H_CONTINUE_LONG,120,BNBUSDT,0.0,7900,0.00016181837309507682,-0.0002534836921939676,-8.806042421658096e-05,1.7575211076051992e-05,0.47810126582278484,1.057052516897838,-0.00848059964032517,0.009090852214175407
HIGH_6H_CONTINUE_LONG,120,BNBUSDT,0.0004,7900,-0.00023818162690492314,-0.0006534836921939676,-0.00048806042421658066,-0.00038242478892394784,0.44924050632911394,0.921936137066483,-0.008880599640325169,0.008690852214175407
HIGH_6H_CONTINUE_LONG,120,BNBUSDT,0.0006,7900,-0.00043818162690492337,-0.0008534836921939675,-0.000688060424216582,-0.0005824247889239481,0.4340506329113924,0.8614536389699686,-0.00908059964032517,0.008490852214175407
HIGH_6H_CONTINUE_LONG,120,BTCUSDT,0.0,6270,-0.0003123451980344245,-0.0006969455957926418,-0.00046759124886502646,-0.00036903134095724906,0.4398724082934609,0.8900505371036622,-0.008087721042879904,0.008022669759524327
HIGH_6H_CONTINUE_LONG,120,BTCUSDT,0.0004,6270,-0.0007123451980344244,-0.0010969455957926418,-0.0008675912488650262,-0.000769031340957249,0.40574162679425835,0.7681006586747579,-0.008487721042879903,0.0076226697595243266
HIGH_6H_CONTINUE_LONG,120,BTCUSDT,0.0006,6270,-0.0009123451980344246,-0.0012969455957926417,-0.001067591248865027,-0.000969031340957249,0.391866028708134,0.7141849638224197,-0.008687721042879903,0.007422669759524327
HIGH_6H_CONTINUE_LONG,120,ETHUSDT,0.0,5476,-0.00039373291767323,-0.0010666171963703008,-0.0006437600602815467,-0.0005077241152536075,0.4351716581446311,0.9008667387609554,-0.011604044250506651,0.011732792897789834
HIGH_6H_CONTINUE_LONG,120,ETHUSDT,0.0004,5476,-0.0007937329176732298,-0.0014666171963703008,-0.0010437600602815466,-0.0009077241152536076,0.4130752373995617,0.8111060012922738,-0.01200404425050665,0.011332792897789835
HIGH_6H_CONTINUE_LONG,120,ETHUSDT,0.0006,5476,-0.0009937329176732301,-0.0016666171963703007,-0.0012437600602815465,-0.0011077241152536075,0.40321402483564645,0.7699970546218292,-0.01220404425050665,0.011132792897789835
HIGH_6H_CONTINUE_LONG,120,SOLUSDT,0.0,6524,-0.0005549728142079961,-0.0009196791604783594,-0.0008238335563820927,-0.0007100091650280423,0.4541692213366033,0.8872896657076255,-0.014754322734012336,0.013445276930188377
HIGH_6H_CONTINUE_LONG,120,SOLUSDT,0.0004,6524,-0.0009549728142079957,-0.0013196791604783594,-0.0012238335563820929,-0.0011100091650280421,0.437614960147149,0.8144004939918452,-0.015154322734012335,0.013045276930188377
HIGH_6H_CONTINUE_LONG,120,SOLUSDT,0.0006,6524,-0.0011549728142079966,-0.0015196791604783592,-0.0014238335563820932,-0.0013100091650280424,0.43056407112201106,0.7803568340394652,-0.015354322734012335,0.012845276930188377
HIGH_6H_REVERSE_SHORT,5,BNBUSDT,0.0,7900,-3.904102658875135e-05,3.967660852410848e-05,5.718498273136363e-06,-1.8857226807696443e-05,0.51,0.9454214555357207,-0.002182198437456506,0.002049964588622811
HIGH_6H_REVERSE_SHORT,5,BNBUSDT,0.0004,7900,-0.00043904102658875137,-0.00036032339147589154,-0.0003942815017268637,-0.0004188572268076965,0.38253164556962027,0.5314632841692825,-0.0025821984374565063,0.001649964588622811
HIGH_6H_REVERSE_SHORT,5,BNBUSDT,0.0006,7900,-0.0006390410265887512,-0.0005603233914758915,-0.0005942815017268636,-0.0006188572268076963,0.330506329113924,0.40056451533026405,-0.002782198437456506,0.001449964588622811
HIGH_6H_REVERSE_SHORT,5,BTCUSDT,0.0,6270,8.923731111736723e-05,0.00019697706547328053,0.0001326886143104223,0.00010492270679438381,0.5618819776714513,1.1313503495234962,-0.002188577735331165,0.0022039516306238023
HIGH_6H_REVERSE_SHORT,5,BTCUSDT,0.0004,6270,-0.0003107626888826328,-0.0002030229345267195,-0.00026731138568957777,-0.00029507729320561623,0.4317384370015949,0.6471175236693912,-0.002588577735331165,0.0018039516306238026
HIGH_6H_REVERSE_SHORT,5,BTCUSDT,0.0006,6270,-0.0005107626888826326,-0.0004030229345267194,-0.0004673113856895775,-0.000495077293205616,0.372408293460925,0.48934415336169873,-0.002788577735331165,0.0016039516306238027
HIGH_6H_REVERSE_SHORT,5,ETHUSDT,0.0,5476,7.713438369144397e-05,0.0003365151029168789,0.00017875988847075472,0.00012159685523776221,0.5653761869978087,1.075364161837182,-0.003369246589143615,0.0031611625716379543
HIGH_6H_REVERSE_SHORT,5,ETHUSDT,0.0004,5476,-0.0003228656163085561,-6.34848970831211e-05,-0.00022124011152924527,-0.0002784031447622379,0.4864864864864865,0.7337656340506085,-0.0037692465891436154,0.002761162571637954
HIGH_6H_REVERSE_SHORT,5,ETHUSDT,0.0006,5476,-0.0005228656163085559,-0.00026348489708312103,-0.00042124011152924534,-0.00047840314476223765,0.4406501095690285,0.6038788554053303,-0.003969246589143615,0.0025611625716379545
HIGH_6H_REVERSE_SHORT,5,SOLUSDT,0.0,6524,7.831324654801774e-05,0.00030582525363664903,0.0001507597162832631,0.00010126799289397382,0.5472103004291845,1.066759348254785,-0.003788126550510262,0.0036341987324854273
HIGH_6H_REVERSE_SHORT,5,SOLUSDT,0.0004,6524,-0.0003216867534519823,-9.417474636335099e-05,-0.00024924028371673713,-0.0002987320071060263,0.48313917841814835,0.7644557420245703,-0.004188126550510263,0.003234198732485427
HIGH_6H_REVERSE_SHORT,5,SOLUSDT,0.0006,6524,-0.0005216867534519822,-0.0002941747463633509,-0.0004492402837167369,-0.000498732007106026,0.4438994481912937,0.6458168626865273,-0.004388126550510262,0.0030341987324854275
HIGH_6H_REVERSE_SHORT,15,BNBUSDT,0.0,7900,-1.2985960209481405e-05,0.0001588954081966354,8.870457815176665e-05,4.132684280313825e-05,0.5330379746835443,0.9888355454986877,-0.0036687531168876795,0.0034021957608039283
HIGH_6H_REVERSE_SHORT,15,BNBUSDT,0.0004,7900,-0.00041298596020948147,-0.00024110459180336463,-0.00031129542184823327,-0.00035867315719686186,0.45772151898734176,0.697572659897417,-0.00406875311688768,0.003002195760803928
HIGH_6H_REVERSE_SHORT,15,BNBUSDT,0.0006,7900,-0.0006129859602094813,-0.00044110459180336456,-0.0005112954218482335,-0.0005586731571968616,0.4216455696202532,0.5852259488149764,-0.004268753116887679,0.0028021957608039285
HIGH_6H_REVERSE_SHORT,15,BTCUSDT,0.0,6270,0.000165809912193651,0.0003854252173363659,0.00025620861258685896,0.000200133028914962,0.5741626794258373,1.153185848418601,-0.0034642599905598138,0.003513939862102722
HIGH_6H_REVERSE_SHORT,15,BTCUSDT,0.0004,6270,-0.00023419008780634906,-1.4574782663634097e-05,-0.0001437913874131412,-0.00019986697108503808,0.4966507177033493,0.8151723750444655,-0.003864259990559814,0.0031139398621027217
HIGH_6H_REVERSE_SHORT,15,BTCUSDT,0.0006,6270,-0.00043419008780634893,-0.00021457478266363403,-0.00034379138741314093,-0.0003998669710850379,0.4562998405103668,0.6834271105417885,-0.004064259990559814,0.002913939862102722
HIGH_6H_REVERSE_SHORT,15,ETHUSDT,0.0,5476,0.0001916985343631575,0.000641848265095557,0.00035724570750072203,0.00025674974181006223,0.5889335281227173,1.124570935036873,-0.005005524630975922,0.0048880376847168505
HIGH_6H_REVERSE_SHORT,15,ETHUSDT,0.0004,5476,-0.00020830146563684254,0.00024184826509555702,-4.275429249927821e-05,-0.00014325025818993784,0.5352447041636231,0.8784978136301332,-0.005405524630975922,0.00448803768471685
HIGH_6H_REVERSE_SHORT,15,ETHUSDT,0.0006,5476,-0.0004083014656368424,4.184826509555709e-05,-0.00024275429249927835,-0.00034325025818993755,0.5058436815193572,0.7744394894209901,-0.0056055246309759214,0.004288037684716851
HIGH_6H_REVERSE_SHORT,15,SOLUSDT,0.0,6524,0.0002893547259818578,0.0006587870626693637,0.000416573154077728,0.00032576527225007925,0.5691293684855917,1.1599281713702654,-0.005945133592109753,0.005982978859056253
HIGH_6H_REVERSE_SHORT,15,SOLUSDT,0.0004,6524,-0.00011064527401814218,0.0002587870626693637,1.6573154077728524e-05,-7.42347277499209e-05,0.5280502759043532,0.9443779418666367,-0.006345133592109753,0.005582978859056253
HIGH_6H_REVERSE_SHORT,15,SOLUSDT,0.0006,6524,-0.000310645274018142,5.878706266936376e-05,-0.0001834268459222723,-0.0002742347277499207,0.5076640098099325,0.8510626752752484,-0.006545133592109753,0.005382978859056253
HIGH_6H_REVERSE_SHORT,30,BNBUSDT,0.0,7900,-3.9666633143719535e-06,0.0002637407654820789,0.00013416730226307043,5.509291649074933e-05,0.5349367088607595,0.9974478941774715,-0.0049628660797770945,0.004504609739399379
HIGH_6H_REVERSE_SHORT,30,BNBUSDT,0.0004,7900,-0.000403966663314372,-0.0001362592345179211,-0.0002658326977369296,-0.00034490708350925077,0.4778481012658228,0.7692815732115985,-0.005362866079777095,0.004104609739399379
HIGH_6H_REVERSE_SHORT,30,BNBUSDT,0.0006,7900,-0.0006039666633143719,-0.000336259234517921,-0.0004658326977369301,-0.0005449070835092506,0.44936708860759494,0.6749635094204613,-0.005562866079777094,0.0039046097393993793
HIGH_6H_REVERSE_SHORT,30,BTCUSDT,0.0,6270,0.00019927185681621853,0.0004599328472250086,0.0002867286188770491,0.00023469385951852722,0.5668261562998405,1.1382071068331405,-0.004623074462770436,0.004642050516148179
HIGH_6H_REVERSE_SHORT,30,BTCUSDT,0.0004,6270,-0.0002007281431837815,5.993284722500858e-05,-0.00011327138112295074,-0.00016530614048147288,0.5084529505582137,0.8766055364595219,-0.005023074462770436,0.004242050516148179
HIGH_6H_REVERSE_SHORT,30,BTCUSDT,0.0006,6270,-0.0004007281431837814,-0.00014006715277499135,-0.0003132713811229506,-0.0003653061404814726,0.4778309409888357,0.7681065798862177,-0.005223074462770436,0.004042050516148179
HIGH_6H_REVERSE_SHORT,30,ETHUSDT,0.0,5476,0.00019717681149096324,0.0007131917268190513,0.00040845205768024194,0.0003120995583112294,0.5746895544192842,1.0956592206504348,-0.006594919979183378,0.006355998795466056
HIGH_6H_REVERSE_SHORT,30,ETHUSDT,0.0004,5476,-0.00020282318850903678,0.0003131917268190513,8.452057680242027e-06,-8.790044168877062e-05,0.5295836376917458,0.9094797822273878,-0.006994919979183378,0.0059559987954660555
HIGH_6H_REVERSE_SHORT,30,ETHUSDT,0.0006,5476,-0.0004028231885090368,0.00011319172681905135,-0.0001915479423197581,-0.0002879004416887704,0.5094959824689554,0.8276249476391246,-0.007194919979183378,0.005755998795466056
HIGH_6H_REVERSE_SHORT,30,SOLUSDT,0.0,6524,0.0003004217636693123,0.0007464933895591774,0.00047574308855577354,0.00038943775626047044,0.5573267933782955,1.1205648245627982,-0.008000175180716806,0.008127314422412968
HIGH_6H_REVERSE_SHORT,30,SOLUSDT,0.0004,6524,-9.957823633068767e-05,0.0003464933895591774,7.574308855577373e-05,-1.0562243739529546e-05,0.5295830778663396,0.9627582321498493,-0.008400175180716805,0.007727314422412967
HIGH_6H_REVERSE_SHORT,30,SOLUSDT,0.0006,6524,-0.0002995782363306877,0.00014649338955917749,-0.00012425691144422725,-0.00021056224373952948,0.513182096873084,0.8918285235624819,-0.008600175180716806,0.007527314422412968
HIGH_6H_REVERSE_SHORT,60,BNBUSDT,0.0,7900,-5.1787242192532404e-05,0.00021806344931918353,9.972699945002257e-05,3.2054827754332385e-05,0.5208860759493671,0.9755250624371106,-0.006519291801464576,0.0062135283495942
HIGH_6H_REVERSE_SHORT,60,BNBUSDT,0.0004,7900,-0.00045178724219253235,-0.00018193655068081649,-0.0003002730005499771,-0.0003679451722456676,0.4820253164556962,0.8048593459551167,-0.006919291801464576,0.0058135283495942
HIGH_6H_REVERSE_SHORT,60,BNBUSDT,0.0006,7900,-0.0006517872421925325,-0.0003819365506808164,-0.0005002730005499779,-0.0005679451722456675,0.4627848101265823,0.730745210273757,-0.007119291801464576,0.0056135283495942
HIGH_6H_REVERSE_SHORT,60,BTCUSDT,0.0,6270,0.00021032385166046538,0.0005145282743370672,0.0003415293788981623,0.00024988463058789404,0.5609250398724083,1.1070903276859272,-0.006335682747213389,0.006166214910386104
HIGH_6H_REVERSE_SHORT,60,BTCUSDT,0.0004,6270,-0.0001896761483395347,0.00011452827433706714,-5.84706211018379e-05,-0.00015011536941210595,0.5135566188197768,0.9117425744741712,-0.006735682747213389,0.005766214910386104
HIGH_6H_REVERSE_SHORT,60,BTCUSDT,0.0006,6270,-0.00038967614833953454,-8.547172566293279e-05,-0.0002584706211018382,-0.00035011536941210574,0.49138755980861243,0.8267068698084128,-0.006935682747213389,0.005566214910386104
HIGH_6H_REVERSE_SHORT,60,ETHUSDT,0.0,5476,0.00031709568561813327,0.0009058271391242934,0.0005520726935120457,0.0004109831950827945,0.5642804967129291,1.1189410396655508,-0.008521782910478226,0.008355982560199315
HIGH_6H_REVERSE_SHORT,60,ETHUSDT,0.0004,5476,-8.290431438186665e-05,0.0005058271391242934,0.00015207269351204616,1.0983195082794513e-05,0.539444850255661,0.9708554041171281,-0.008921782910478225,0.007955982560199316
HIGH_6H_REVERSE_SHORT,60,ETHUSDT,0.0006,5476,-0.00028290431438186684,0.0003058271391242934,-4.7927306487954336e-05,-0.00018901680491720542,0.5242878013148283,0.9037160540297657,-0.009121782910478226,0.0077559825601993156
HIGH_6H_REVERSE_SHORT,60,SOLUSDT,0.0,6524,0.0003415174633287156,0.0009865809012974958,0.0005761516291397104,0.0004309651333389339,0.5565603923973023,1.1011495789489976,-0.010838914662273534,0.010640799150438451
HIGH_6H_REVERSE_SHORT,60,SOLUSDT,0.0004,6524,-5.848253667128409e-05,0.0005865809012974958,0.0001761516291397112,3.0965133338934016e-05,0.532495401594114,0.983564128381327,-0.011238914662273534,0.010240799150438452
HIGH_6H_REVERSE_SHORT,60,SOLUSDT,0.0006,6524,-0.0002584825366712846,0.0003865809012974958,-2.3848370860289743e-05,-0.000169034866661066,0.5203862660944206,0.9292410596935456,-0.011438914662273534,0.010040799150438451
HIGH_6H_REVERSE_SHORT,120,BNBUSDT,0.0,7900,-0.00016181837309507682,0.0002534836921939676,8.806042421658072e-05,-1.7575211076053144e-05,0.5208860759493671,0.9460267905465364,-0.009090852214175403,0.008480599640325173
HIGH_6H_REVERSE_SHORT,120,BNBUSDT,0.0004,7900,-0.0005618183730950768,-0.00014651630780603242,-0.00031193957578341895,-0.00041757521107605296,0.49025316455696205,0.8242145123758977,-0.009490852214175402,0.008080599640325174
HIGH_6H_REVERSE_SHORT,120,BNBUSDT,0.0006,7900,-0.000761818373095077,-0.00034651630780603235,-0.0005119395757834195,-0.0006175752110760531,0.47455696202531644,0.7691210760871311,-0.009690852214175403,0.007880599640325173
HIGH_6H_REVERSE_SHORT,120,BTCUSDT,0.0,6270,0.0003123451980344245,0.0006969455957926418,0.0004675912488650268,0.0003690313409572483,0.5599681020733652,1.1235317078220382,-0.008022669759524325,0.008087721042879904
HIGH_6H_REVERSE_SHORT,120,BTCUSDT,0.0004,6270,-8.765480196557542e-05,0.0002969455957926418,6.759124886502678e-05,-3.096865904275171e-05,0.527591706539075,0.9676645105838764,-0.008422669759524324,0.007687721042879903
HIGH_6H_REVERSE_SHORT,120,BTCUSDT,0.0006,6270,-0.00028765480196557563,9.694559579264187e-05,-0.00013240875113497354,-0.00023096865904275162,0.5078149920255184,0.8975330023034039,-0.008622669759524325,0.007487721042879904
HIGH_6H_REVERSE_SHORT,120,ETHUSDT,0.0,5476,0.00039373291767323,0.0010666171963703008,0.0006437600602815467,0.0005077241152536075,0.5644631117604091,1.1100420927687837,-0.011732792897789834,0.011604044250506651
HIGH_6H_REVERSE_SHORT,120,ETHUSDT,0.0004,5476,-6.267082326769827e-06,0.0006666171963703009,0.00024376006028154653,0.00010772411525360751,0.5399926953981008,0.9983319399766091,-0.012132792897789834,0.011204044250506652
HIGH_6H_REVERSE_SHORT,120,ETHUSDT,0.0006,5476,-0.00020626708232677023,0.0004666171963703009,4.376006028154675e-05,-9.227588474639249e-05,0.5275748721694667,0.9464291188735756,-0.012332792897789834,0.011004044250506651
HIGH_6H_REVERSE_SHORT,120,SOLUSDT,0.0,6524,0.0005549728142079961,0.0009196791604783594,0.000823833556382092,0.0007100091650280391,0.5427651747394237,1.1270276648635218,-0.013445276930188377,0.014754322734012332
HIGH_6H_REVERSE_SHORT,120,SOLUSDT,0.0004,6524,0.00015497281420799648,0.0005196791604783594,0.00042383355638209315,0.0003100091650280394,0.5265174739423667,1.0340236969957528,-0.013845276930188376,0.014354322734012333
HIGH_6H_REVERSE_SHORT,120,SOLUSDT,0.0006,6524,-4.5027185792004395e-05,0.00031967916047835946,0.0002238335563820928,0.00011000916502803904,0.5171673819742489,0.9903174744450872,-0.014045276930188377,0.014154322734012332
LOW_6H_CONTINUE_SHORT,5,BNBUSDT,0.0,6364,-5.447647709107267e-05,-9.004741596319032e-05,-8.348342393429297e-05,-6.468445606937583e-05,0.4725015713387806,0.9455739528203171,-0.0027687665814676078,0.0027133707174407987
LOW_6H_CONTINUE_SHORT,5,BNBUSDT,0.0004,6364,-0.00045447647709107275,-0.0004900474159631903,-0.0004834834239342931,-0.0004646844560693758,0.3667504714016342,0.6313658174179153,-0.003168766581467608,0.0023133707174407985
LOW_6H_CONTINUE_SHORT,5,BNBUSDT,0.0006,6364,-0.0006544764770910726,-0.0006900474159631903,-0.0006834834239342928,-0.0006646844560693755,0.3194531741043369,0.5202984865647018,-0.0033687665814676076,0.002113370717440799
LOW_6H_CONTINUE_SHORT,5,BTCUSDT,0.0,5938,-8.59112671034873e-05,-0.00014228994829712516,-0.0001252953848564831,-0.00011528422803481063,0.4511620074099023,0.9015060474407036,-0.002568083607174709,0.002359658590189018
LOW_6H_CONTINUE_SHORT,5,BTCUSDT,0.0004,5938,-0.0004859112671034872,-0.0005422899482971251,-0.0005252953848564831,-0.0005152842280348107,0.34338160996968675,0.5638301676936146,-0.002968083607174709,0.001959658590189018
LOW_6H_CONTINUE_SHORT,5,BTCUSDT,0.0006,5938,-0.0006859112671034871,-0.0007422899482971251,-0.0007252953848564831,-0.0007152842280348105,0.3014482990906029,0.4510696536902364,-0.003168083607174709,0.001759658590189018
LOW_6H_CONTINUE_SHORT,5,ETHUSDT,0.0,4975,-4.7411685722263725e-05,-0.0003125181228291751,-0.00015189988729589503,-0.00011334796091490006,0.4464321608040201,0.9631743537302551,-0.0036036284091274682,0.0036914500339071416
LOW_6H_CONTINUE_SHORT,5,ETHUSDT,0.0004,4975,-0.0004474116857222638,-0.0007125181228291751,-0.0005518998872958952,-0.0005133479609149001,0.37909547738693467,0.7062334580251478,-0.004003628409127468,0.0032914500339071414
LOW_6H_CONTINUE_SHORT,5,ETHUSDT,0.0006,4975,-0.0006474116857222637,-0.0009125181228291751,-0.0007518998872958948,-0.0007133479609148999,0.34693467336683415,0.6077531464954559,-0.004203628409127468,0.0030914500339071418
LOW_6H_CONTINUE_SHORT,5,SOLUSDT,0.0,6118,-0.00018458055105089922,-0.00022735982854971137,-0.0001855593987976938,-0.00017489505420491806,0.4561948349133704,0.8750361512848618,-0.004095639552798081,0.00381547564950574
LOW_6H_CONTINUE_SHORT,5,SOLUSDT,0.0004,6118,-0.0005845805510508993,-0.0006273598285497113,-0.0005855593987976938,-0.0005748950542049183,0.39637136319058514,0.6572661786913456,-0.004495639552798081,0.00341547564950574
LOW_6H_CONTINUE_SHORT,5,SOLUSDT,0.0006,6118,-0.0007845805510508991,-0.0008273598285497113,-0.0007855593987976937,-0.000774895054204918,0.37038247793396534,0.5710011229970293,-0.0046956395527980805,0.00321547564950574
LOW_6H_CONTINUE_SHORT,15,BNBUSDT,0.0,6364,-6.421780422763143e-05,-0.00025129596931838805,-0.00018412378319642288,-0.0001527161535244101,0.45757385292269015,0.960881235355599,-0.004603955813732363,0.004526484376435224
LOW_6H_CONTINUE_SHORT,15,BNBUSDT,0.0004,6364,-0.0004642178042276315,-0.000651295969318388,-0.000584123783196423,-0.0005527161535244102,0.3989629164047769,0.7518219263032515,-0.005003955813732363,0.004126484376435224
LOW_6H_CONTINUE_SHORT,15,BNBUSDT,0.0006,6364,-0.0006642178042276314,-0.000851295969318388,-0.000784123783196423,-0.0007527161535244098,0.3697360150848523,0.6668159087967935,-0.0052039558137323624,0.003926484376435224
LOW_6H_CONTINUE_SHORT,15,BTCUSDT,0.0,5938,-0.00011548561854396668,-0.0003304621536600605,-0.0002047764522312301,-0.00015671669948844457,0.4319636241158639,0.9172299080189756,-0.004050333425778229,0.003986924032037553
LOW_6H_CONTINUE_SHORT,15,BTCUSDT,0.0004,5938,-0.0005154856185439666,-0.0007304621536600605,-0.0006047764522312301,-0.0005567166994884447,0.37116874368474234,0.6846938827947514,-0.004450333425778229,0.0035869240320375536
LOW_6H_CONTINUE_SHORT,15,BTCUSDT,0.0006,5938,-0.0007154856185439666,-0.0009304621536600604,-0.0008047764522312301,-0.0007567166994884443,0.3430447962276861,0.5942332572525868,-0.004650333425778229,0.003386924032037554
LOW_6H_CONTINUE_SHORT,15,ETHUSDT,0.0,4975,3.547754413844439e-05,-0.0005252122223804445,-0.00019977374054602133,-0.00010374982902592831,0.43758793969849247,1.0179451256800007,-0.00550117262605112,0.006078366118857907
LOW_6H_CONTINUE_SHORT,15,ETHUSDT,0.0004,4975,-0.0003645224558615557,-0.0009252122223804445,-0.0005997737405460215,-0.0005037498290259283,0.39537688442211055,0.8350981327353486,-0.00590117262605112,0.005678366118857907
LOW_6H_CONTINUE_SHORT,15,ETHUSDT,0.0006,4975,-0.0005645224558615556,-0.0011252122223804444,-0.0007997737405460216,-0.0007037498290259281,0.3750753768844221,0.758068819962048,-0.00610117262605112,0.005478366118857907
LOW_6H_CONTINUE_SHORT,15,SOLUSDT,0.0,6118,-0.00028577217380711887,-0.0004968047343225646,-0.0003304454787943582,-0.0002888333451194371,0.4458973520758418,0.8799365733659374,-0.006574596843902603,0.006399046512755581
LOW_6H_CONTINUE_SHORT,15,SOLUSDT,0.0004,6118,-0.0006857721738071189,-0.0008968047343225645,-0.000730445478794358,-0.0006888333451194372,0.41320693036940176,0.7370034863857013,-0.006974596843902603,0.005999046512755581
LOW_6H_CONTINUE_SHORT,15,SOLUSDT,0.0006,6118,-0.0008857721738071189,-0.0010968047343225644,-0.0009304454787943586,-0.000888833345119437,0.39310232101994114,0.6751609307972772,-0.007174596843902602,0.0057990465127555815
LOW_6H_CONTINUE_SHORT,30,BNBUSDT,0.0,6364,-0.0001422812037821795,-0.0004683552781559186,-0.0003093769803200512,-0.0002376175063341896,0.4462602137020742,0.935116512959651,-0.006093493556410022,0.006091158803413829
LOW_6H_CONTINUE_SHORT,30,BNBUSDT,0.0004,6364,-0.0005422812037821795,-0.0008683552781559186,-0.0007093769803200513,-0.0006376175063341897,0.4055625392834695,0.7761358317454737,-0.006493493556410023,0.0056911588034138285
LOW_6H_CONTINUE_SHORT,30,BNBUSDT,0.0006,6364,-0.0007422812037821796,-0.0010683552781559184,-0.0009093769803200517,-0.0008376175063341896,0.3873350094280327,0.7080943869566729,-0.006693493556410022,0.005491158803413829
LOW_6H_CONTINUE_SHORT,30,BTCUSDT,0.0,5938,-0.00018065564904630956,-0.00042820198167436985,-0.0003025416167995608,-0.00022059370891318824,0.43566857527787134,0.9036516633584152,-0.005416629762958358,0.005359055869541998
LOW_6H_CONTINUE_SHORT,30,BTCUSDT,0.0004,5938,-0.0005806556490463096,-0.0008282019816743698,-0.0007025416167995611,-0.0006205937089131883,0.38548332771977095,0.7248257353992171,-0.005816629762958358,0.004959055869541998
LOW_6H_CONTINUE_SHORT,30,BTCUSDT,0.0006,5938,-0.0007806556490463095,-0.0010282019816743697,-0.0009025416167995612,-0.000820593708913188,0.36072751768272143,0.6507697777102964,-0.006016629762958358,0.004759055869541998
LOW_6H_CONTINUE_SHORT,30,ETHUSDT,0.0,4975,2.477465087323056e-05,-0.0007242584527971108,-0.0002874231680333723,-0.00010497502676343578,0.4365829145728643,1.0094310046104535,-0.007416565205070125,0.008343427165443751
LOW_6H_CONTINUE_SHORT,30,ETHUSDT,0.0004,4975,-0.00037522534912676935,-0.0011242584527971107,-0.0006874231680333721,-0.0005049750267634359,0.40100502512562813,0.8687615782686124,-0.007816565205070123,0.007943427165443752
LOW_6H_CONTINUE_SHORT,30,ETHUSDT,0.0006,4975,-0.0005752253491267696,-0.0013242584527971106,-0.0008874231680333727,-0.0007049750267634357,0.3865326633165829,0.8069887245657613,-0.008016565205070124,0.007743427165443752
LOW_6H_CONTINUE_SHORT,30,SOLUSDT,0.0,6118,-0.0004394265291173212,-0.0008058450913470683,-0.00044624955391999154,-0.0003586592257470087,0.44132069303694016,0.8641115605267916,-0.00894475375672783,0.00898744225513004
LOW_6H_CONTINUE_SHORT,30,SOLUSDT,0.0004,6118,-0.0008394265291173211,-0.0012058450913470682,-0.000846249553919991,-0.0007586592257470087,0.41565871199738474,0.7575425719932826,-0.009344753756727829,0.008587442255130041
LOW_6H_CONTINUE_SHORT,30,SOLUSDT,0.0006,6118,-0.0010394265291173216,-0.0014058450913470681,-0.0010462495539199919,-0.0009586592257470087,0.40111147433801897,0.7097000466282817,-0.00954475375672783,0.00838744225513004
LOW_6H_CONTINUE_SHORT,60,BNBUSDT,0.0,6364,-0.000375582778504271,-0.0006702775625222479,-0.000498495000038972,-0.0004248258820019866,0.4442174732872407,0.8735246625181894,-0.008411001314764266,0.007732535126806916
LOW_6H_CONTINUE_SHORT,60,BNBUSDT,0.0004,6364,-0.0007755827785042708,-0.0010702775625222479,-0.0008984950000389723,-0.0008248258820019866,0.41341923318667506,0.7574849615167794,-0.008811001314764266,0.007332535126806916
LOW_6H_CONTINUE_SHORT,60,BNBUSDT,0.0006,6364,-0.0009755827785042712,-0.0012702775625222477,-0.0010984950000389728,-0.0010248258820019867,0.3936203645505971,0.7059235329185154,-0.009011001314764266,0.007132535126806916
LOW_6H_CONTINUE_SHORT,60,BTCUSDT,0.0,5938,-0.00024000536501683021,-0.0005563281935617725,-0.0003794815984234476,-0.0002962840665216097,0.436510609632873,0.9030504200433785,-0.007140442898685584,0.007075907003457228
LOW_6H_CONTINUE_SHORT,60,BTCUSDT,0.0004,5938,-0.0006400053650168302,-0.0009563281935617725,-0.0007794815984234477,-0.0006962840665216096,0.3997979117547996,0.7637130095945902,-0.007540442898685584,0.006675907003457228
LOW_6H_CONTINUE_SHORT,60,BTCUSDT,0.0006,5938,-0.0008400053650168301,-0.0011563281935617724,-0.0009794815984234483,-0.0008962840665216096,0.38059952846076117,0.7032322861259218,-0.007740442898685584,0.006475907003457228
LOW_6H_CONTINUE_SHORT,60,ETHUSDT,0.0,4975,-0.00014092343256948353,-0.0009413835553104821,-0.0004350273991943259,-0.0002742583160941797,0.4337688442211055,0.9598706890247508,-0.009715944267777,0.010917804934144208
LOW_6H_CONTINUE_SHORT,60,ETHUSDT,0.0004,4975,-0.0005409234325694834,-0.001341383555310482,-0.0008350273991943249,-0.0006742583160941798,0.40904522613065325,0.8554836074179153,-0.010115944267776998,0.010517804934144209
LOW_6H_CONTINUE_SHORT,60,ETHUSDT,0.0006,4975,-0.0007409234325694839,-0.001541383555310482,-0.001035027399194326,-0.0008742583160941796,0.39477386934673364,0.8081872361335372,-0.010315944267776999,0.010317804934144208
LOW_6H_CONTINUE_SHORT,60,SOLUSDT,0.0,6118,-0.0006004000570271704,-0.0010799784043198368,-0.0006601760957112354,-0.0005571744761452875,0.43935926773455375,0.8610116282011988,-0.01210724890926682,0.011906045394551543
LOW_6H_CONTINUE_SHORT,60,SOLUSDT,0.0004,6118,-0.0010004000570271701,-0.0014799784043198368,-0.001060176095711236,-0.0009571744761452876,0.42105263157894735,0.7800054059112549,-0.01250724890926682,0.011506045394551544
LOW_6H_CONTINUE_SHORT,60,SOLUSDT,0.0006,6118,-0.0012004000570271704,-0.0016799784043198367,-0.0012601760957112363,-0.0011571744761452877,0.41140895717554754,0.7426290360671625,-0.01270724890926682,0.011306045394551543
LOW_6H_CONTINUE_SHORT,120,BNBUSDT,0.0,6364,-0.0005393455005954329,-0.0008885368029176721,-0.0007170971300319017,-0.0006047413229514726,0.4404462602137021,0.8616547397621164,-0.010863877593628968,0.010395979625156072
LOW_6H_CONTINUE_SHORT,120,BNBUSDT,0.0004,6364,-0.0009393455005954326,-0.001288536802917672,-0.0011170971300319013,-0.0010047413229514726,0.41844751728472657,0.7723840457021668,-0.011263877593628967,0.009995979625156073
LOW_6H_CONTINUE_SHORT,120,BNBUSDT,0.0006,6364,-0.0011393455005954333,-0.001488536802917672,-0.0013170971300319023,-0.001204741322951473,0.40744814582023886,0.7315585504094683,-0.011463877593628968,0.009795979625156073
LOW_6H_CONTINUE_SHORT,120,BTCUSDT,0.0,5938,-0.000325066851531653,-0.0007995514023478867,-0.00043943402977951647,-0.0003478723005916507,0.4373526439878747,0.8996187419928543,-0.009258310922419665,0.009717809969265825
LOW_6H_CONTINUE_SHORT,120,BTCUSDT,0.0004,5938,-0.0007250668515316527,-0.0011995514023478867,-0.0008394340297795159,-0.0007478723005916504,0.4063657797238127,0.7910367978081512,-0.009658310922419665,0.009317809969265825
LOW_6H_CONTINUE_SHORT,120,BTCUSDT,0.0006,5938,-0.0009250668515316531,-0.0013995514023478865,-0.0010394340297795166,-0.0009478723005916505,0.39221960255978444,0.7423122149546199,-0.009858310922419665,0.009117809969265825
LOW_6H_CONTINUE_SHORT,120,ETHUSDT,0.0,4975,-7.125112621409732e-05,-0.0010882036042378918,-0.0003717596940705134,-0.00015220909331917852,0.44381909547738696,0.9841206311681591,-0.012806157008135654,0.014976316759941821
LOW_6H_CONTINUE_SHORT,120,ETHUSDT,0.0004,4975,-0.0004712511262140971,-0.0014882036042378917,-0.0007717596940705132,-0.0005522090933191786,0.4235175879396985,0.9000181881463413,-0.013206157008135653,0.014576316759941822
LOW_6H_CONTINUE_SHORT,120,ETHUSDT,0.0006,4975,-0.0006712511262140978,-0.0016882036042378916,-0.0009717596940705138,-0.0007522090933191787,0.4142713567839196,0.861012200531163,-0.013406157008135654,0.014376316759941821
LOW_6H_CONTINUE_SHORT,120,SOLUSDT,0.0,6118,-0.000654227978054887,-0.0012010112053735256,-0.0006938225505480375,-0.0004989557180684276,0.4503105590062112,0.8847856909881866,-0.0162072788055432,0.016349541613949282
LOW_6H_CONTINUE_SHORT,120,SOLUSDT,0.0004,6118,-0.0010542279780548869,-0.0016010112053735255,-0.0010938225505480366,-0.0008989557180684274,0.435436417129781,0.821350226177879,-0.0166072788055432,0.01594954161394928
LOW_6H_CONTINUE_SHORT,120,SOLUSDT,0.0006,6118,-0.0012542279780548876,-0.0018010112053735254,-0.0012938225505480362,-0.0010989557180684276,0.4269369074861066,0.7914797597530181,-0.0168072788055432,0.015749541613949283
LOW_6H_REVERSE_LONG,5,BNBUSDT,0.0,6364,5.447647709107267e-05,9.004741596319032e-05,8.348342393429289e-05,6.468445606937567e-05,0.5224701445631679,1.0575587419866517,-0.002713370717440799,0.0027687665814676078
LOW_6H_REVERSE_LONG,5,BNBUSDT,0.0004,6364,-0.0003455235229089274,-0.0003099525840368097,-0.00031651657606570727,-0.0003353155439306243,0.41970458830923946,0.7016669730232569,-0.0031133707174407993,0.0023687665814676076
LOW_6H_REVERSE_LONG,5,BNBUSDT,0.0006,6364,-0.0005455235229089271,-0.0005099525840368096,-0.000516516576065707,-0.0005353155439306241,0.36957888120678817,0.573665588026869,-0.003313370717440799,0.002168766581467608
LOW_6H_REVERSE_LONG,5,BTCUSDT,0.0,5938,8.59112671034873e-05,0.00014228994829712516,0.000125295384856483,0.00011528422803481029,0.5473223307510946,1.1092548994417863,-0.0023596585901890176,0.00256808360717471
LOW_6H_REVERSE_LONG,5,BTCUSDT,0.0004,5938,-0.00031408873289651276,-0.00025771005170287486,-0.0002747046151435172,-0.00028471577196518974,0.4220276187268441,0.6836518542749974,-0.002759658590189018,0.0021680836071747097
LOW_6H_REVERSE_LONG,5,BTCUSDT,0.0006,5938,-0.0005140887328965126,-0.0004577100517028748,-0.00047470461514351696,-0.00048471577196518956,0.36493768945772986,0.5386130114117019,-0.0029596585901890174,0.00196808360717471
LOW_6H_REVERSE_LONG,5,ETHUSDT,0.0,4975,4.7411685722263725e-05,0.0003125181228291751,0.00015189988729589503,0.00011334796091490029,0.5533668341708543,1.0382336241897676,-0.00369145003390714,0.00360362840912747
LOW_6H_REVERSE_LONG,5,ETHUSDT,0.0004,4975,-0.00035258831427773636,-8.748187717082489e-05,-0.0002481001127041051,-0.00028665203908509983,0.4822110552763819,0.7538793069278307,-0.00409145003390714,0.0032036284091274698
LOW_6H_REVERSE_LONG,5,ETHUSDT,0.0006,4975,-0.0005525883142777361,-0.0002874818771708248,-0.0004481001127041047,-0.0004866520390850996,0.4385929648241206,0.6412264277274915,-0.00429145003390714,0.00300362840912747
LOW_6H_REVERSE_LONG,5,SOLUSDT,0.0,6118,0.00018458055105089922,0.00022735982854971137,0.0001855593987976938,0.00017489505420491744,0.5312193527296503,1.1428099268031922,-0.0038154756495057396,0.004095639552798081
LOW_6H_REVERSE_LONG,5,SOLUSDT,0.0004,6118,-0.00021541944894910083,-0.00017264017145028865,-0.00021444060120230616,-0.00022510494579508256,0.4687806472703498,0.8555426486788357,-0.00421547564950574,0.0036956395527980804
LOW_6H_REVERSE_LONG,5,SOLUSDT,0.0006,6118,-0.0004154194489491007,-0.0003726401714502886,-0.0004144406012023062,-0.0004251049457950823,0.43788819875776397,0.740480572279839,-0.004415475649505739,0.003495639552798081
LOW_6H_REVERSE_LONG,15,BNBUSDT,0.0,6364,6.421780422763143e-05,0.00025129596931838805,0.00018412378319642288,0.00015271615352440904,0.5406976744186046,1.040711342052511,-0.004526484376435225,0.004603955813732362
LOW_6H_REVERSE_LONG,15,BNBUSDT,0.0004,6364,-0.0003357821957723686,-0.00014870403068161197,-0.00021587621680357712,-0.0002472838464755911,0.4761156505342552,0.8107263005460179,-0.004926484376435225,0.0042039558137323615
LOW_6H_REVERSE_LONG,15,BNBUSDT,0.0006,6364,-0.0005357821957723685,-0.0003487040306816119,-0.00041587621680357696,-0.0004472838464755908,0.44311753614079197,0.7153099343036269,-0.005126484376435225,0.004003955813732362
LOW_6H_REVERSE_LONG,15,BTCUSDT,0.0,5938,0.00011548561854396668,0.0003304621536600605,0.0002047764522312301,0.00015671669948844443,0.5673627484001347,1.0902391987629256,-0.003986924032037553,0.004050333425778231
LOW_6H_REVERSE_LONG,15,BTCUSDT,0.0004,5938,-0.00028451438145603335,-6.953784633993953e-05,-0.00019522354776876986,-0.00024328330051155562,0.4853486022229707,0.8064128792450073,-0.0043869240320375535,0.0036503334257782308
LOW_6H_REVERSE_LONG,15,BTCUSDT,0.0006,5938,-0.0004845143814560333,-0.00026953784633993946,-0.0003952235477687701,-0.0004432833005115554,0.4469518356348939,0.6926317107787201,-0.004586924032037553,0.003450333425778231
LOW_6H_REVERSE_LONG,15,ETHUSDT,0.0,4975,-3.547754413844439e-05,0.0005252122223804445,0.00019977374054602133,0.00010374982902592854,0.5616080402010051,0.9823712249046694,-0.006078366118857903,0.0055011726260511245
LOW_6H_REVERSE_LONG,15,ETHUSDT,0.0004,4975,-0.0004354775441384444,0.0001252122223804445,-0.00020022625945397885,-0.0002962501709740716,0.515175879396985,0.801771781018605,-0.006478366118857903,0.005101172626051124
LOW_6H_REVERSE_LONG,15,ETHUSDT,0.0006,4975,-0.0006354775441384444,-7.478777761955543e-05,-0.00040022625945397875,-0.0004962501709740714,0.4928643216080402,0.7232439448673312,-0.0066783661188579025,0.004901172626051125
LOW_6H_REVERSE_LONG,15,SOLUSDT,0.0,6118,0.00028577217380711887,0.0004968047343225646,0.0003304454787943582,0.00028883334511943656,0.5493625367767244,1.136445546495238,-0.0063990465127555796,0.0065745968439026034
LOW_6H_REVERSE_LONG,15,SOLUSDT,0.0004,6118,-0.00011422782619288113,9.680473432256454e-05,-6.955452120564146e-05,-0.00011116665488056346,0.5099705786204642,0.9499506625411316,-0.00679904651275558,0.006174596843902603
LOW_6H_REVERSE_LONG,15,SOLUSDT,0.0006,6118,-0.0003142278261928811,-0.00010319526567743539,-0.0002695545212056425,-0.0003111666548805633,0.49084668192219677,0.8680997769383115,-0.006999046512755579,0.005974596843902604
LOW_6H_REVERSE_LONG,30,BNBUSDT,0.0,6364,0.0001422812037821795,0.0004683552781559186,0.0003093769803200512,0.00023761750633418825,0.5520113136392206,1.0693854574709543,-0.006091158803413831,0.0060934935564100215
LOW_6H_REVERSE_LONG,30,BNBUSDT,0.0004,6364,-0.00025771879621782056,6.835527815591858e-05,-9.062301967994865e-05,-0.00016238249366581177,0.5061282212445003,0.8848817019582191,-0.0064911588034138315,0.005693493556410021
LOW_6H_REVERSE_LONG,30,BNBUSDT,0.0006,6364,-0.0004577187962178206,-0.00013164472184408135,-0.00029062301967994913,-0.0003623824936658116,0.48428661219358893,0.8043467627860935,-0.006691158803413831,0.005493493556410022
LOW_6H_REVERSE_LONG,30,BTCUSDT,0.0,5938,0.00018065564904630956,0.00042820198167436985,0.00030254161679956095,0.00022059370891318794,0.5643314247221287,1.1066211025203083,-0.0053590558695419946,0.005416629762958359
LOW_6H_REVERSE_LONG,30,BTCUSDT,0.0004,5938,-0.00021934435095369046,2.8201981674369828e-05,-9.7458383200439e-05,-0.0001794062910868122,0.5043785786460088,0.8833293272483683,-0.005759055869541995,0.005016629762958359
LOW_6H_REVERSE_LONG,30,BTCUSDT,0.0006,5938,-0.0004193443509536903,-0.0001717980183256301,-0.00029745838320043944,-0.00037940629108681193,0.4770966655439542,0.7884321277029913,-0.005959055869541994,0.004816629762958359
LOW_6H_REVERSE_LONG,30,ETHUSDT,0.0,4975,-2.477465087323056e-05,0.0007242584527971108,0.0002874231680333717,0.00010497502676343606,0.5634170854271356,0.990657108244765,-0.008343427165443739,0.007416565205070125
LOW_6H_REVERSE_LONG,30,ETHUSDT,0.0004,4975,-0.00042477465087323063,0.00032425845279711074,-0.00011257683196662766,-0.00029502497323656394,0.5284422110552763,0.8500798137105118,-0.008743427165443738,0.007016565205070125
LOW_6H_REVERSE_LONG,30,ETHUSDT,0.0006,4975,-0.0006247746508732307,0.00012425845279711082,-0.0003125768319666283,-0.0004950249732365639,0.5115577889447236,0.7867181398150983,-0.008943427165443739,0.006816565205070125
LOW_6H_REVERSE_LONG,30,SOLUSDT,0.0,6118,0.0004394265291173212,0.0008058450913470683,0.0004462495539199912,0.00035865922574700827,0.5544295521412226,1.1572579811226762,-0.00898744225513004,0.008944753756727831
LOW_6H_REVERSE_LONG,30,SOLUSDT,0.0004,6118,3.942652911732139e-05,0.00040584509134706826,4.624955391999172e-05,-4.134077425299173e-05,0.5271330500163453,1.0132408084686686,-0.00938744225513004,0.008544753756727832
LOW_6H_REVERSE_LONG,30,SOLUSDT,0.0006,6118,-0.0001605734708826789,0.00020584509134706833,-0.00015375044608000884,-0.00024134077425299176,0.5134030728996404,0.9477601434626449,-0.00958744225513004,0.008344753756727831
LOW_6H_REVERSE_LONG,60,BNBUSDT,0.0,6364,0.000375582778504271,0.0006702775625222479,0.000498495000038972,0.00042482588200198543,0.555311125078567,1.1447873688159058,-0.007732535126806916,0.008411001314764266
LOW_6H_REVERSE_LONG,60,BNBUSDT,0.0004,6364,-2.4417221495728863e-05,0.0002702775625222479,9.849500003897268e-05,2.48258820019854e-05,0.5221558768070396,0.9912130662142737,-0.008132535126806915,0.008011001314764267
LOW_6H_REVERSE_LONG,60,BNBUSDT,0.0006,6364,-0.00022441722149572912,7.027756252224796e-05,-0.00010150499996102826,-0.0001751741179980146,0.5058139534883721,0.9219684920357069,-0.008332535126806916,0.007811001314764266
LOW_6H_REVERSE_LONG,60,BTCUSDT,0.0,5938,0.00024000536501683021,0.0005563281935617725,0.00037948159842344793,0.0002962840665216094,0.563489390367127,1.107357881470189,-0.007075907003457227,0.007140442898685584
LOW_6H_REVERSE_LONG,60,BTCUSDT,0.0004,5938,-0.00015999463498316978,0.00015632819356177252,-2.0518401576552226e-05,-0.00010371593347839063,0.5141461771640283,0.9338891926252855,-0.007475907003457227,0.0067404428986855836
LOW_6H_REVERSE_LONG,60,BTCUSDT,0.0006,5938,-0.00035999463498316976,-4.3671806438227404e-05,-0.00022051840157655262,-0.00030371593347839053,0.4951162007409902,0.8570991693231812,-0.007675907003457227,0.006540442898685584
LOW_6H_REVERSE_LONG,60,ETHUSDT,0.0,4975,0.00014092343256948353,0.0009413835553104821,0.00043502739919432554,0.00027425831609418066,0.5660301507537688,1.0418069969570811,-0.010917804934144204,0.009715944267777004
LOW_6H_REVERSE_LONG,60,ETHUSDT,0.0004,4975,-0.00025907656743051643,0.0005413835553104822,3.502739919432575e-05,-0.00012574168390581947,0.5382914572864321,0.9270204575905568,-0.011317804934144204,0.009315944267777005
LOW_6H_REVERSE_LONG,60,ETHUSDT,0.0006,4975,-0.00045907656743051663,0.0003413835553104822,-0.00016497260080567492,-0.00032574168390581945,0.5272361809045226,0.874001978002289,-0.011517804934144204,0.009115944267777005
LOW_6H_REVERSE_LONG,60,SOLUSDT,0.0,6118,0.0006004000570271704,0.0010799784043198368,0.0006601760957112358,0.0005571744761452849,0.5585158548545276,1.1614245002581112,-0.011906045394551533,0.012107248909266823
LOW_6H_REVERSE_LONG,60,SOLUSDT,0.0004,6118,0.00020040005702717055,0.0006799784043198369,0.0002601760957112357,0.000157174476145285,0.5371036286368094,1.0513835296114198,-0.012306045394551532,0.011707248909266823
LOW_6H_REVERSE_LONG,60,SOLUSDT,0.0006,6118,4.000570271699327e-07,0.0004799784043198369,6.017609571123578e-05,-4.2825523854715056e-05,0.527786858450474,1.0001001759399157,-0.012506045394551532,0.011507248909266823
LOW_6H_REVERSE_LONG,120,BNBUSDT,0.0,6364,0.0005393455005954329,0.0008885368029176721,0.0007170971300319017,0.0006047413229514709,0.5589252042740415,1.1605576501280288,-0.01039597962515608,0.010863877593628968
LOW_6H_REVERSE_LONG,120,BNBUSDT,0.0004,6364,0.00013934550059543314,0.0004885368029176722,0.00031709713003190166,0.00020474132295147108,0.5315839094908862,1.0393472586145982,-0.010795979625156079,0.010463877593628969
LOW_6H_REVERSE_LONG,120,BNBUSDT,0.0006,6364,-6.0654499404567416e-05,0.00028853680291767217,0.00011709713003190073,4.741322951470879e-06,0.5172847265870522,0.9833205053625713,-0.01099597962515608,0.010263877593628968
LOW_6H_REVERSE_LONG,120,BTCUSDT,0.0,5938,0.000325066851531653,0.0007995514023478867,0.00043943402977951647,0.0003478723005916496,0.562478949141125,1.1115819994865592,-0.009717809969265821,0.009258310922419665
LOW_6H_REVERSE_LONG,120,BTCUSDT,0.0004,5938,-7.493314846834689e-05,0.00039955140234788667,3.9434029779517315e-05,-5.2127699408350135e-05,0.5345234085550691,0.9757768426091776,-0.01011780996926582,0.008858310922419666
LOW_6H_REVERSE_LONG,120,BTCUSDT,0.0006,5938,-0.00027493314846834715,0.00019955140234788674,-0.00016056597022048375,-0.0002521276994083502,0.5171775008420344,0.9137640017052502,-0.010317809969265821,0.008658310922419666
LOW_6H_REVERSE_LONG,120,ETHUSDT,0.0,4975,7.125112621409732e-05,0.0010882036042378918,0.0003717596940705134,0.00015220909331917996,0.556180904522613,1.016135591846085,-0.014976316759941821,0.012806157008135659
LOW_6H_REVERSE_LONG,120,ETHUSDT,0.0004,4975,-0.00032874887378590243,0.0006882036042378918,-2.824030592948636e-05,-0.0002477909066808201,0.5362814070351759,0.9284922847209514,-0.01537631675994182,0.01240615700813566
LOW_6H_REVERSE_LONG,120,ETHUSDT,0.0006,4975,-0.000528748873785903,0.0004882036042378918,-0.00022824030592948704,-0.00044779090668082004,0.5272361809045226,0.8872869279460923,-0.015576316759941821,0.01220615700813566
LOW_6H_REVERSE_LONG,120,SOLUSDT,0.0,6118,0.000654227978054887,0.0012010112053735256,0.0006938225505480375,0.0004989557180684253,0.5467473030402092,1.1302171929149696,-0.016349541613949282,0.016207278805543204
LOW_6H_REVERSE_LONG,120,SOLUSDT,0.0004,6118,0.0002542279780548874,0.0008010112053735256,0.00029382255054803637,9.895571806842527e-05,0.5338345864661654,1.0488164687121926,-0.016749541613949284,0.015807278805543203
LOW_6H_REVERSE_LONG,120,SOLUSDT,0.0006,6118,5.422797805488648e-05,0.0006010112053735256,9.382255054803676e-05,-0.0001010442819315751,0.5248447204968945,1.0102279778208325,-0.016949541613949282,0.015607278805543202
HIGH_24H_CONTINUE_LONG,5,BNBUSDT,0.0,3323,7.001196488361866e-05,-5.3715308863000466e-05,5.436133348610465e-06,4.1557312614795306e-05,0.4802888955762865,1.0889628510098033,-0.0023852911586341283,0.0025824309964424435
HIGH_24H_CONTINUE_LONG,5,BNBUSDT,0.0004,3323,-0.00032998803511638135,-0.0004537153088630005,-0.00039456386665138966,-0.0003584426873852047,0.38639783328317784,0.6744425734259603,-0.0027852911586341285,0.0021824309964424433
HIGH_24H_CONTINUE_LONG,5,BNBUSDT,0.0006,3323,-0.0005299880351163812,-0.0006537153088630004,-0.0005945638666513893,-0.0005584426873852046,0.3355401745410773,0.5358468865712074,-0.002985291158634128,0.0019824309964424436
HIGH_24H_CONTINUE_LONG,5,BTCUSDT,0.0,2535,-0.0001412775012077393,-0.00024187468318270788,-0.00017418361926591037,-0.00015129914392536103,0.43984220907297833,0.8487092800497101,-0.0026931099143995495,0.0025369024891555895
HIGH_24H_CONTINUE_LONG,5,BTCUSDT,0.0004,2535,-0.0005412775012077393,-0.0006418746831827078,-0.0005741836192659106,-0.000551299143925361,0.3534516765285996,0.5395571626424654,-0.0030931099143995497,0.0021369024891555893
HIGH_24H_CONTINUE_LONG,5,BTCUSDT,0.0006,2535,-0.0007412775012077392,-0.0008418746831827078,-0.0007741836192659103,-0.0007512991439253609,0.31203155818540435,0.4338530739181173,-0.0032931099143995494,0.0019369024891555896
HIGH_24H_CONTINUE_LONG,5,ETHUSDT,0.0,2312,-6.019871393291309e-05,-0.0003476051750052056,-0.0001807830520260146,-0.0001264461757852534,0.4455017301038062,0.9524807039603753,-0.0036044197897041608,0.003862147259744143
HIGH_24H_CONTINUE_LONG,5,ETHUSDT,0.0004,2312,-0.00046019871393291315,-0.0007476051750052056,-0.0005807830520260144,-0.0005264461757852535,0.38624567474048443,0.6931073453492801,-0.004004419789704161,0.003462147259744143
HIGH_24H_CONTINUE_LONG,5,ETHUSDT,0.0006,2312,-0.000660198713932913,-0.0009476051750052055,-0.0007807830520260146,-0.0007264461757852533,0.3551038062283737,0.5938487024742564,-0.004204419789704161,0.0032621472597441433
HIGH_24H_CONTINUE_LONG,5,SOLUSDT,0.0,2814,-4.5954241690212055e-05,-0.000301880955631495,-0.00013383644549018266,-8.044854070178353e-05,0.4534470504619758,0.9677263677353718,-0.0041141255040984094,0.0044258338220311035
HIGH_24H_CONTINUE_LONG,5,SOLUSDT,0.0004,2814,-0.0004459542416902121,-0.0007018809556314949,-0.0005338364454901827,-0.0004804485407017836,0.4068941009239517,0.7299578358548415,-0.00451412550409841,0.004025833822031103
HIGH_24H_CONTINUE_LONG,5,SOLUSDT,0.0006,2814,-0.000645954241690212,-0.0009018809556314949,-0.0007338364454901828,-0.0006804485407017833,0.3759772565742715,0.6357030893809557,-0.004714125504098409,0.0038258338220311036
HIGH_24H_CONTINUE_LONG,15,BNBUSDT,0.0,3323,0.00010771737150690678,-0.00019345477994514582,-4.6929666326711314e-05,1.9862869032384598e-05,0.46403851941017155,1.0815266979448308,-0.004000570063391362,0.004521536546862271
HIGH_24H_CONTINUE_LONG,15,BNBUSDT,0.0004,3323,-0.0002922826284930933,-0.0005934547799451458,-0.0004469296663267111,-0.0003801371309676155,0.3990370147457117,0.8112117551906717,-0.004400570063391362,0.004121536546862271
HIGH_24H_CONTINUE_LONG,15,BNBUSDT,0.0006,3323,-0.0004922826284930931,-0.0007934547799451458,-0.0006469296663267113,-0.0005801371309676153,0.3707493229009931,0.7054402055839224,-0.004600570063391362,0.003921536546862271
HIGH_24H_CONTINUE_LONG,15,BTCUSDT,0.0,2535,-0.0001398127752365745,-0.00043290043290045155,-0.00020303370621685058,-0.00014186552736774406,0.441025641025641,0.9036991365967477,-0.004165990709977918,0.0044038034388271755
HIGH_24H_CONTINUE_LONG,15,BTCUSDT,0.0004,2535,-0.0005398127752365745,-0.0008329004329004515,-0.0006030337062168506,-0.0005418655273677441,0.38974358974358975,0.6798181023146135,-0.004565990709977918,0.004003803438827175
HIGH_24H_CONTINUE_LONG,15,BTCUSDT,0.0006,2535,-0.0007398127752365743,-0.0010329004329004514,-0.0008030337062168503,-0.0007418655273677438,0.3613412228796844,0.5914999787149208,-0.004765990709977918,0.0038038034388271757
HIGH_24H_CONTINUE_LONG,15,ETHUSDT,0.0,2312,-0.00011438261536369162,-0.0006636603281619524,-0.0002977153109036561,-0.0001902297671669517,0.42430795847750863,0.9415731053572436,-0.005435237590950925,0.005877341622157607
HIGH_24H_CONTINUE_LONG,15,ETHUSDT,0.0004,2312,-0.0005143826153636916,-0.0010636603281619524,-0.000697715310903656,-0.0005902297671669518,0.3897058823529412,0.7655478595197174,-0.005835237590950925,0.005477341622157607
HIGH_24H_CONTINUE_LONG,15,ETHUSDT,0.0006,2312,-0.0007143826153636915,-0.0012636603281619523,-0.0008977153109036569,-0.0007902297671669516,0.3767301038062284,0.6916973398604102,-0.006035237590950925,0.005277341622157607
HIGH_24H_CONTINUE_LONG,15,SOLUSDT,0.0,2814,-0.00026865667273522195,-0.0007576554524223456,-0.0004082389807860391,-0.00032753725056414596,0.43532338308457713,0.8863139349968177,-0.006561899936726489,0.0069463939844600486
HIGH_24H_CONTINUE_LONG,15,SOLUSDT,0.0004,2814,-0.000668656672735222,-0.0011576554524223455,-0.0008082389807860388,-0.0007275372505641459,0.40405117270788915,0.7422645107092103,-0.0069618999367264895,0.006546393984460048
HIGH_24H_CONTINUE_LONG,15,SOLUSDT,0.0006,2814,-0.0008686566727352219,-0.0013576554524223454,-0.0010082389807860392,-0.0009275372505641459,0.38521677327647474,0.6800998425857122,-0.007161899936726489,0.006346393984460049
HIGH_24H_CONTINUE_LONG,30,BNBUSDT,0.0,3323,0.00014977929222811197,-0.00022591722392928393,6.753246224284234e-06,0.00011147645431486076,0.47306650616912427,1.0866083326284928,-0.005060783847045801,0.006158384143334983
HIGH_24H_CONTINUE_LONG,30,BNBUSDT,0.0004,3323,-0.0002502207077718881,-0.0006259172239292839,-0.00039324675377571566,-0.00028852354568513933,0.4339452302136624,0.8715206579913058,-0.005460783847045801,0.005758384143334983
HIGH_24H_CONTINUE_LONG,30,BNBUSDT,0.0006,3323,-0.00045022070777188795,-0.0008259172239292839,-0.0005932467537757157,-0.000488523545685139,0.41047246464038517,0.7817655687347811,-0.005660783847045801,0.005558384143334983
HIGH_24H_CONTINUE_LONG,30,BTCUSDT,0.0,2535,-0.00024114292643643477,-0.0005842656917859346,-0.00030804840348876356,-0.0002345784561195165,0.4331360946745562,0.8751713258012437,-0.005372887167848806,0.005557740443463199
HIGH_24H_CONTINUE_LONG,30,BTCUSDT,0.0004,2535,-0.0006411429264364349,-0.0009842656917859345,-0.0007080484034887633,-0.0006345784561195166,0.38974358974358975,0.704204440937505,-0.005772887167848806,0.0051577404434631985
HIGH_24H_CONTINUE_LONG,30,BTCUSDT,0.0006,2535,-0.0008411429264364347,-0.0011842656917859344,-0.0009080484034887636,-0.0008345784561195164,0.36923076923076925,0.6329551047675936,-0.005972887167848806,0.004957740443463199
HIGH_24H_CONTINUE_LONG,30,ETHUSDT,0.0,2312,-5.403056211164418e-05,-0.0007593422193717392,-0.00033519344270456703,-0.00021711738693391114,0.4416089965397924,0.978849557615094,-0.007301863087586313,0.007928290546167375
HIGH_24H_CONTINUE_LONG,30,ETHUSDT,0.0004,2312,-0.00045403056211164414,-0.0011593422193717391,-0.0007351934427045667,-0.0006171173869339112,0.40354671280276816,0.8369689725421751,-0.007701863087586313,0.007528290546167374
HIGH_24H_CONTINUE_LONG,30,ETHUSDT,0.0006,2312,-0.0006540305621116442,-0.001359342219371739,-0.0009351934427045684,-0.0008171173869339111,0.3905709342560554,0.7748928320153511,-0.007901863087586313,0.007328290546167375
HIGH_24H_CONTINUE_LONG,30,SOLUSDT,0.0,2814,-0.00033534921547480047,-0.0009358445538340532,-0.0005210874699380785,-0.00038998694051810745,0.43425728500355365,0.8931965341245041,-0.009066347108849192,0.00900565786491363
HIGH_24H_CONTINUE_LONG,30,SOLUSDT,0.0004,2814,-0.0007353492154748005,-0.0013358445538340531,-0.0009210874699380783,-0.0007899869405181074,0.4175550817341862,0.7817424136293267,-0.009466347108849192,0.008605657864913631
HIGH_24H_CONTINUE_LONG,30,SOLUSDT,0.0006,2814,-0.0009353492154748006,-0.001535844553834053,-0.0011210874699380793,-0.0009899869405181076,0.410092395167022,0.731712435849181,-0.009666347108849192,0.00840565786491363
HIGH_24H_CONTINUE_LONG,60,BNBUSDT,0.0,3323,0.00028037438445833367,-6.733666649827441e-05,0.00010932697428134052,0.0002295019642940666,0.49322900993078544,1.1266996789156123,-0.006755547539633033,0.007869161827819894
HIGH_24H_CONTINUE_LONG,60,BNBUSDT,0.0004,3323,-0.00011962561554166631,-0.00046733666649827443,-0.0002906730257186594,-0.0001704980357059335,0.4498946734878122,0.9506653930682021,-0.0071555475396330335,0.0074691618278198936
HIGH_24H_CONTINUE_LONG,60,BNBUSDT,0.0006,3323,-0.00031962561554166633,-0.0006673366664982744,-0.00049067302571866,-0.00037049803570593336,0.43274149864580197,0.8739866098531385,-0.007355547539633033,0.007269161827819894
HIGH_24H_CONTINUE_LONG,60,BTCUSDT,0.0,2535,-0.0002602394404222234,-0.0006946950804190832,-0.0003782632352488875,-0.00028183752417209793,0.44023668639053254,0.8983052616063297,-0.00709174200226359,0.007844549334354944
HIGH_24H_CONTINUE_LONG,60,BTCUSDT,0.0004,2535,-0.0006602394404222235,-0.0010946950804190832,-0.0007782632352488872,-0.0006818375241720981,0.39960552268244576,0.7634714911824074,-0.00749174200226359,0.007444549334354943
HIGH_24H_CONTINUE_LONG,60,BTCUSDT,0.0006,2535,-0.0008602394404222233,-0.001294695080419083,-0.0009782632352488875,-0.0008818375241720978,0.38224852071005916,0.704695201681209,-0.00769174200226359,0.007244549334354943
HIGH_24H_CONTINUE_LONG,60,ETHUSDT,0.0,2312,-0.00013923495394302002,-0.001039167729940782,-0.000479639405649655,-0.0002997408856236279,0.4437716262975779,0.9576988551652509,-0.009145895822390416,0.009780827240656768
HIGH_24H_CONTINUE_LONG,60,ETHUSDT,0.0004,2312,-0.0005392349539430198,-0.001439167729940782,-0.0008796394056496545,-0.000699740885623628,0.4130622837370242,0.8467974866078029,-0.009545895822390415,0.009380827240656768
HIGH_24H_CONTINUE_LONG,60,ETHUSDT,0.0006,2312,-0.0007392349539430204,-0.0016391677299407818,-0.0010796394056496552,-0.0008997408856236279,0.3992214532871972,0.7968294292355426,-0.009745895822390415,0.009180827240656768
HIGH_24H_CONTINUE_LONG,60,SOLUSDT,0.0,2814,-0.0007462942915942684,-0.0013563099121504107,-0.0008959273117206838,-0.0007418200729078537,0.4310589907604833,0.8293574392365474,-0.012040761294073188,0.01209662284190418
HIGH_24H_CONTINUE_LONG,60,SOLUSDT,0.0004,2814,-0.0011462942915942682,-0.0017563099121504107,-0.001295927311720683,-0.0011418200729078536,0.4164889836531628,0.7510033581992774,-0.012440761294073188,0.01169662284190418
HIGH_24H_CONTINUE_LONG,60,SOLUSDT,0.0006,2814,-0.001346294291594269,-0.0019563099121504106,-0.001495927311720684,-0.0013418200729078537,0.4072494669509595,0.7148445058687026,-0.012640761294073188,0.01149662284190418
HIGH_24H_CONTINUE_LONG,120,BNBUSDT,0.0,3323,0.0004698187386735077,-0.0004424171230681395,0.0001414264485036613,0.0003253428497460467,0.46644598254589226,1.1542558051657519,-0.009215904793187946,0.011175197075780798
HIGH_24H_CONTINUE_LONG,120,BNBUSDT,0.0004,3323,6.981873867350789e-05,-0.0008424171230681395,-0.0002585735514963377,-7.46571502539532e-05,0.4408666867288595,1.0213876706808236,-0.009615904793187946,0.010775197075780799
HIGH_24H_CONTINUE_LONG,120,BNBUSDT,0.0006,3323,-0.0001301812613264926,-0.0010424171230681394,-0.0004585735514963387,-0.0002746571502539533,0.4291303039422209,0.9614544582932469,-0.009815904793187946,0.010575197075780798
HIGH_24H_CONTINUE_LONG,120,BTCUSDT,0.0,2535,-0.00033233918727823515,-0.0008454897469376554,-0.0005018133804833497,-0.000371984701236727,0.43708086785009864,0.892349360754558,-0.008586470029745085,0.00914614797595323
HIGH_24H_CONTINUE_LONG,120,BTCUSDT,0.0004,2535,-0.000732339187278235,-0.0012454897469376554,-0.0009018133804833498,-0.0007719847012367269,0.40986193293885603,0.779252406862609,-0.008986470029745085,0.00874614797595323
HIGH_24H_CONTINUE_LONG,120,BTCUSDT,0.0006,2535,-0.0009323391872782353,-0.0014454897469376553,-0.0011018133804833502,-0.000971984701236727,0.3960552268244576,0.7287292770397229,-0.009186470029745085,0.00854614797595323
HIGH_24H_CONTINUE_LONG,120,ETHUSDT,0.0,2312,-0.00029357417961867075,-0.001399978912841826,-0.0006875620979181864,-0.00040135673584493117,0.43555363321799306,0.9327009962218384,-0.012112345883599484,0.013173679364576835
HIGH_24H_CONTINUE_LONG,120,ETHUSDT,0.0004,2312,-0.0006935741796186705,-0.001799978912841826,-0.0010875620979181866,-0.0008013567358449311,0.41695501730103807,0.8489547017827751,-0.012512345883599483,0.012773679364576835
HIGH_24H_CONTINUE_LONG,120,ETHUSDT,0.0006,2312,-0.0008935741796186711,-0.001999978912841826,-0.0012875620979181865,-0.0010013567358449313,0.40657439446366783,0.810270156807002,-0.012712345883599483,0.012573679364576835
HIGH_24H_CONTINUE_LONG,120,SOLUSDT,0.0,2814,-0.001114323906489562,-0.0013834321377770853,-0.0012535519670761259,-0.0012275006037011516,0.43710021321961623,0.797169966554648,-0.015761302474818016,0.013671714048553683
HIGH_24H_CONTINUE_LONG,120,SOLUSDT,0.0004,2814,-0.0015143239064895615,-0.0017834321377770853,-0.0016535519670761252,-0.001627500603701152,0.4225302061122957,0.735335560738134,-0.016161302474818017,0.013271714048553684
HIGH_24H_CONTINUE_LONG,120,SOLUSDT,0.0006,2814,-0.0017143239064895625,-0.001983432137777085,-0.001853551967076126,-0.0018275006037011521,0.4168443496801706,0.706333804114656,-0.016361302474818016,0.013071714048553684
HIGH_24H_REVERSE_SHORT,5,BNBUSDT,0.0,3323,-7.001196488361866e-05,5.3715308863000466e-05,-5.43613334861039e-06,-4.155731261479547e-05,0.5130905808004815,0.9183049716275378,-0.0025824309964424413,0.002385291158634129
HIGH_24H_REVERSE_SHORT,5,BNBUSDT,0.0004,3323,-0.0004700119648836188,-0.00034628469113699955,-0.00040543613334861043,-0.0004415573126147955,0.4050556725850135,0.5623358831204648,-0.0029824309964424415,0.001985291158634129
HIGH_24H_REVERSE_SHORT,5,BNBUSDT,0.0006,3323,-0.0006700119648836184,-0.0005462846911369995,-0.0006054361333486103,-0.0006415573126147953,0.35479987962684323,0.4408987598579553,-0.003182430996442441,0.001785291158634129
HIGH_24H_REVERSE_SHORT,5,BTCUSDT,0.0,2535,0.0001412775012077393,0.00024187468318270788,0.00017418361926591056,0.00015129914392536024,0.5601577909270217,1.178259768694209,-0.0025369024891555903,0.0026931099143995495
HIGH_24H_REVERSE_SHORT,5,BTCUSDT,0.0004,2535,-0.0002587224987922607,-0.00015812531681729214,-0.00022581638073408965,-0.0002487008560746397,0.46272189349112425,0.7383406237495428,-0.0029369024891555905,0.0022931099143995493
HIGH_24H_REVERSE_SHORT,5,BTCUSDT,0.0006,2535,-0.0004587224987922605,-0.00035812531681729206,-0.00042581638073408936,-0.00044870085607463957,0.41735700197238657,0.5833050363849595,-0.00313690248915559,0.0020931099143995497
HIGH_24H_REVERSE_SHORT,5,ETHUSDT,0.0,2312,6.019871393291309e-05,0.0003476051750052056,0.0001807830520260146,0.00012644617578525327,0.5544982698961938,1.0498900354012857,-0.003862147259744142,0.003604419789704161
HIGH_24H_REVERSE_SHORT,5,ETHUSDT,0.0004,2312,-0.000339801286067087,-5.239482499479442e-05,-0.0002192169479739855,-0.0002735538242147468,0.49005190311418684,0.7568665897308849,-0.004262147259744142,0.003204419789704161
HIGH_24H_REVERSE_SHORT,5,ETHUSDT,0.0006,2312,-0.0005398012860670868,-0.00025239482499479435,-0.00041921694797398564,-0.0004735538242147465,0.45891003460207613,0.640772286080329,-0.004462147259744142,0.0030044197897041614
HIGH_24H_REVERSE_SHORT,5,SOLUSDT,0.0,2814,4.5954241690212055e-05,0.000301880955631495,0.00013383644549018266,8.044854070178345e-05,0.5401563610518835,1.0333499564966422,-0.0044258338220311,0.0041141255040984094
HIGH_24H_REVERSE_SHORT,5,SOLUSDT,0.0004,2814,-0.00035404575830978794,-9.811904436850505e-05,-0.0002661635545098171,-0.00031955145929821665,0.4861407249466951,0.7747626707850361,-0.0048258338220311,0.0037141255040984097
HIGH_24H_REVERSE_SHORT,5,SOLUSDT,0.0006,2814,-0.0005540457583097878,-0.000298119044368505,-0.0004661635545098173,-0.0005195514592982164,0.4580668088130775,0.6696952128641483,-0.0050258338220311,0.00351412550409841
HIGH_24H_REVERSE_SHORT,15,BNBUSDT,0.0,3323,-0.00010771737150690678,0.00019345477994514582,4.6929666326711164e-05,-1.9862869032384883e-05,0.5338549503460728,0.9246188761685201,-0.00452153654686227,0.0040005700633913635
HIGH_24H_REVERSE_SHORT,15,BNBUSDT,0.0004,3323,-0.0005077173715069068,-0.0002065452200548542,-0.0003530703336732889,-0.00041986286903238497,0.4718627746012639,0.6881913973591716,-0.0049215365468622705,0.003600570063391363
HIGH_24H_REVERSE_SHORT,15,BNBUSDT,0.0006,3323,-0.0007077173715069067,-0.00040654522005485413,-0.000553070333673289,-0.0006198628690323848,0.4408666867288595,0.5926581145277443,-0.00512153654686227,0.0034005700633913632
HIGH_24H_REVERSE_SHORT,15,BTCUSDT,0.0,2535,0.0001398127752365745,0.00043290043290045155,0.00020303370621685036,0.00014186552736774303,0.558974358974359,1.1065629693593744,-0.004403803438827181,0.004165990709977917
HIGH_24H_REVERSE_SHORT,15,BTCUSDT,0.0004,2535,-0.00026018722476342553,3.290043290045153e-05,-0.00019696629378314993,-0.0002581344726322571,0.5053254437869823,0.8263259107190997,-0.004803803438827181,0.0037659907099779175
HIGH_24H_REVERSE_SHORT,15,BTCUSDT,0.0006,2535,-0.0004601872247634254,-0.0001670995670995484,-0.0003969662937831495,-0.00045813447263225686,0.47021696252465484,0.7124461351006195,-0.005003803438827181,0.003565990709977918
HIGH_24H_REVERSE_SHORT,15,ETHUSDT,0.0,2312,0.00011438261536369162,0.0006636603281619524,0.0002977153109036563,0.0001902297671669515,0.5752595155709342,1.0620524251492809,-0.005877341622157605,0.005435237590950925
HIGH_24H_REVERSE_SHORT,15,ETHUSDT,0.0004,2312,-0.0002856173846363085,0.0002636603281619524,-0.00010228468909634337,-0.00020977023283304862,0.5333044982698962,0.8587403155605495,-0.0062773416221576055,0.005035237590950925
HIGH_24H_REVERSE_SHORT,15,ETHUSDT,0.0006,2312,-0.0004856173846363083,6.366032816195247e-05,-0.00030228468909634416,-0.00040977023283304836,0.5082179930795848,0.7706801335270566,-0.006477341622157605,0.004835237590950925
HIGH_24H_REVERSE_SHORT,15,SOLUSDT,0.0,2814,0.00026865667273522195,0.0007576554524223456,0.0004082389807860391,0.00032753725056414585,0.5611229566453447,1.128268393978924,-0.006946393984460042,0.006561899936726492
HIGH_24H_REVERSE_SHORT,15,SOLUSDT,0.0004,2814,-0.0001313433272647781,0.00035765545242234554,8.23898078603935e-06,-7.24627494358542e-05,0.5294953802416489,0.9423034656883889,-0.007346393984460042,0.006161899936726492
HIGH_24H_REVERSE_SHORT,15,SOLUSDT,0.0006,2814,-0.000331343327264778,0.0001576554524223456,-0.00019176101921396124,-0.00027246274943585404,0.5142146410803127,0.8603188378560482,-0.0075463939844600415,0.005961899936726492
HIGH_24H_REVERSE_SHORT,30,BNBUSDT,0.0,3323,-0.00014977929222811197,0.00022591722392928393,-6.753246224284085e-06,-0.00011147645431486196,0.5251278964790852,0.9202948016982455,-0.006158384143334983,0.005060783847045808
HIGH_24H_REVERSE_SHORT,30,BNBUSDT,0.0004,3323,-0.0005497792922281121,-0.0001740827760707161,-0.000406753246224284,-0.0005114764543148621,0.47727956665663557,0.7354445056192933,-0.006558384143334983,0.004660783847045808
HIGH_24H_REVERSE_SHORT,30,BNBUSDT,0.0006,3323,-0.0007497792922281119,-0.000374082776070716,-0.0006067532462242845,-0.0007114764543148618,0.45260306951549806,0.6568812295746876,-0.006758384143334983,0.004460783847045808
HIGH_24H_REVERSE_SHORT,30,BTCUSDT,0.0,2535,0.00024114292643643477,0.0005842656917859346,0.0003080484034887632,0.0002345784561195162,0.5668639053254438,1.1426334141883274,-0.0055577404434632,0.005372887167848805
HIGH_24H_REVERSE_SHORT,30,BTCUSDT,0.0004,2535,-0.00015885707356356527,0.00018426569178593455,-9.195159651123673e-05,-0.0001654215438804838,0.5226824457593688,0.9151854003388235,-0.0059577404434632,0.004972887167848805
HIGH_24H_REVERSE_SHORT,30,BTCUSDT,0.0006,2535,-0.0003588570735635651,-1.5734308214065376e-05,-0.0002919515965112369,-0.00036542154388048356,0.49783037475345165,0.8179228656561618,-0.006157740443463199,0.004772887167848805
HIGH_24H_REVERSE_SHORT,30,ETHUSDT,0.0,2312,5.403056211164418e-05,0.0007593422193717392,0.00033519344270456703,0.00021711738693391017,0.5583910034602076,1.0216074495006544,-0.007928290546167371,0.007301863087586315
HIGH_24H_REVERSE_SHORT,30,ETHUSDT,0.0004,2312,-0.0003459694378883558,0.00035934221937173916,-6.480655729543242e-05,-0.0001828826130660899,0.5216262975778547,0.8711507956718165,-0.00832829054616737,0.006901863087586315
HIGH_24H_REVERSE_SHORT,30,ETHUSDT,0.0006,2312,-0.0005459694378883559,0.00015934221937173923,-0.00026480655729543324,-0.00038288261306608984,0.5086505190311419,0.8037481052320613,-0.008528290546167371,0.0067018630875863155
HIGH_24H_REVERSE_SHORT,30,SOLUSDT,0.0,2814,0.00033534921547480047,0.0009358445538340532,0.000521087469938079,0.0003899869405181072,0.5614783226723525,1.1195744293613754,-0.00900565786491363,0.0090663471088492
HIGH_24H_REVERSE_SHORT,30,SOLUSDT,0.0004,2814,-6.465078452519948e-05,0.0005358445538340532,0.00012108746993807915,-1.001305948189272e-05,0.5383795309168443,0.9783373417118857,-0.00940565786491363,0.0086663471088492
HIGH_24H_REVERSE_SHORT,30,SOLUSDT,0.0006,2814,-0.0002646507845251996,0.00033584455383405324,-7.891253006192161e-05,-0.00021001305948189266,0.5245202558635395,0.9140196255232947,-0.00960565786491363,0.0084663471088492
HIGH_24H_REVERSE_SHORT,60,BNBUSDT,0.0,3323,-0.00028037438445833367,6.733666649827441e-05,-0.00010932697428134022,-0.00022950196429406713,0.5052663256093891,0.8875479586205671,-0.007869161827819892,0.006755547539633034
HIGH_24H_REVERSE_SHORT,60,BNBUSDT,0.0004,3323,-0.0006803743844583335,-0.0003326633335017256,-0.0005093269742813401,-0.0006295019642940672,0.47336743906108936,0.7478046724716895,-0.008269161827819891,0.006355547539633034
HIGH_24H_REVERSE_SHORT,60,BNBUSDT,0.0006,3323,-0.0008803743844583338,-0.0005326633335017255,-0.0007093269742813409,-0.0008295019642940671,0.4586217273547999,0.6860751954538702,-0.008469161827819892,0.006155547539633034
HIGH_24H_REVERSE_SHORT,60,BTCUSDT,0.0,2535,0.0002602394404222234,0.0006946950804190832,0.0003782632352488875,0.00028183752417209744,0.5593688362919133,1.1132073279987496,-0.007844549334354944,0.007091742002263589
HIGH_24H_REVERSE_SHORT,60,BTCUSDT,0.0004,2535,-0.00013976055957777667,0.0002946950804190832,-2.1736764751112605e-05,-0.00011816247582790248,0.526232741617357,0.9436853557627637,-0.008244549334354943,0.006691742002263589
HIGH_24H_REVERSE_SHORT,60,BTCUSDT,0.0006,2535,-0.00033976055957777657,9.469508041908329e-05,-0.00022173676475111293,-0.00031816247582790234,0.5104536489151874,0.8682189613365942,-0.008444549334354944,0.0064917420022635895
HIGH_24H_REVERSE_SHORT,60,ETHUSDT,0.0,2312,0.00013923495394302002,0.001039167729940782,0.000479639405649655,0.00029974088562362684,0.5562283737024222,1.0441695681336594,-0.009780827240656764,0.009145895822390417
HIGH_24H_REVERSE_SHORT,60,ETHUSDT,0.0004,2312,-0.0002607650460569798,0.000639167729940782,7.963940564965509e-05,-0.00010025911437637305,0.5367647058823529,0.9217729263028597,-0.010180827240656764,0.008745895822390418
HIGH_24H_REVERSE_SHORT,60,ETHUSDT,0.0006,2312,-0.00046076504605698025,0.00043916772994078204,-0.00012036059435034592,-0.000300259114376373,0.5263840830449827,0.8655503917590633,-0.010380827240656764,0.008545895822390417
HIGH_24H_REVERSE_SHORT,60,SOLUSDT,0.0,2814,0.0007462942915942684,0.0013563099121504107,0.0008959273117206838,0.0007418200729078527,0.5682302771855011,1.2057527342137728,-0.012096622841904159,0.012040761294073188
HIGH_24H_REVERSE_SHORT,60,SOLUSDT,0.0004,2814,0.00034629429159426867,0.0009563099121504108,0.0004959273117206845,0.00034182007290785283,0.5483297796730633,1.0910492906589473,-0.012496622841904156,0.011640761294073189
HIGH_24H_REVERSE_SHORT,60,SOLUSDT,0.0006,2814,0.0001462942915942681,0.0007563099121504108,0.00029592731172068337,0.0001418200729078527,0.5376687988628287,1.037561386710465,-0.012696622841904159,0.011440761294073188
HIGH_24H_REVERSE_SHORT,120,BNBUSDT,0.0,3323,-0.0004698187386735077,0.0004424171230681395,-0.000141426448503661,-0.000325342849746048,0.5320493529942822,0.8663590822108964,-0.011175197075780782,0.009215904793187946
HIGH_24H_REVERSE_SHORT,120,BNBUSDT,0.0004,3323,-0.0008698187386735074,4.24171230681395e-05,-0.0005414264485036612,-0.000725342849746048,0.5025579295817033,0.7654709925034822,-0.011575197075780782,0.008815904793187947
HIGH_24H_REVERSE_SHORT,120,BNBUSDT,0.0006,3323,-0.001069818738673508,-0.00015758287693186043,-0.0007414264485036616,-0.0009253428497460479,0.48841408365934397,0.7191871673398668,-0.011775197075780782,0.008615904793187946
HIGH_24H_REVERSE_SHORT,120,BTCUSDT,0.0,2535,0.00033233918727823515,0.0008454897469376554,0.0005018133804833497,0.0003719847012367263,0.5629191321499014,1.120637324325995,-0.009146147975953233,0.008586470029745084
HIGH_24H_REVERSE_SHORT,120,BTCUSDT,0.0004,2535,-6.766081272176486e-05,0.0004454897469376554,0.00010181338048334976,-2.8015298763273658e-05,0.5384615384615384,0.9769453369481229,-0.009546147975953233,0.008186470029745084
HIGH_24H_REVERSE_SHORT,120,BTCUSDT,0.0006,2535,-0.0002676608127217649,0.0002454897469376555,-9.818661951665096e-05,-0.00022801529876327354,0.5191321499013807,0.9116375419036398,-0.009746147975953233,0.007986470029745084
HIGH_24H_REVERSE_SHORT,120,ETHUSDT,0.0,2312,0.00029357417961867075,0.001399978912841826,0.0006875620979181864,0.0004013567358449305,0.5640138408304498,1.0721549607545984,-0.013173679364576828,0.012112345883599485
HIGH_24H_REVERSE_SHORT,120,ETHUSDT,0.0004,2312,-0.00010642582038132895,0.000999978912841826,0.0002875620979181861,1.356735844930483e-06,0.5484429065743944,0.974937713099308,-0.013573679364576827,0.011712345883599486
HIGH_24H_REVERSE_SHORT,120,ETHUSDT,0.0006,2312,-0.0003064258203813297,0.0007999789128418261,8.756209791818551e-05,-0.0001986432641550696,0.5367647058823529,0.9293577656671228,-0.013773679364576828,0.011512345883599485
HIGH_24H_REVERSE_SHORT,120,SOLUSDT,0.0,2814,0.001114323906489562,0.0013834321377770853,0.0012535519670761254,0.0012275006037011516,0.5604122245913291,1.2544376255442475,-0.01367171404855365,0.015761302474818023
HIGH_24H_REVERSE_SHORT,120,SOLUSDT,0.0004,2814,0.0007143239064895622,0.0009834321377770853,0.0008535519670761254,0.0008275006037011516,0.5483297796730633,1.1567244633492173,-0.01407171404855365,0.015361302474818024
HIGH_24H_REVERSE_SHORT,120,SOLUSDT,0.0006,2814,0.0005143239064895615,0.0007834321377770853,0.0006535519670761246,0.0006275006037011514,0.5394456289978679,1.1106293431376293,-0.01427171404855365,0.015161302474818023
LOW_24H_CONTINUE_SHORT,5,BNBUSDT,0.0,2448,-0.00013894647328752894,-7.85341890103819e-05,-0.0001419385213055752,-0.00015538681428317526,0.4783496732026144,0.897670115702684,-0.003648096574368531,0.00348847398235861
LOW_24H_CONTINUE_SHORT,5,BNBUSDT,0.0004,2448,-0.0005389464732875291,-0.0004785341890103819,-0.0005419385213055754,-0.0005553868142831753,0.3880718954248366,0.6598415445340539,-0.004048096574368531,0.00308847398235861
LOW_24H_CONTINUE_SHORT,5,BNBUSDT,0.0006,2448,-0.0007389464732875288,-0.0006785341890103818,-0.0007419385213055754,-0.0007553868142831751,0.3472222222222222,0.5681188398735134,-0.004248096574368531,0.00288847398235861
LOW_24H_CONTINUE_SHORT,5,BTCUSDT,0.0,2303,-0.00021319774257305154,-0.00025101851550379806,-0.0002602521571395357,-0.0002477345703226299,0.4472427268779852,0.8191518422784784,-0.003365088610369815,0.00283618766332743
LOW_24H_CONTINUE_SHORT,5,BTCUSDT,0.0004,2303,-0.0006131977425730516,-0.000651018515503798,-0.0006602521571395356,-0.0006477345703226299,0.359965262700825,0.5675707528428168,-0.0037650886103698152,0.0024361876633274297
LOW_24H_CONTINUE_SHORT,5,BTCUSDT,0.0006,2303,-0.0008131977425730514,-0.000851018515503798,-0.0008602521571395356,-0.0008477345703226297,0.32783326096396004,0.4751013163441597,-0.003965088610369815,0.00223618766332743
LOW_24H_CONTINUE_SHORT,5,ETHUSDT,0.0,1760,-9.574501727241196e-05,-0.00039325641150367296,-0.00025779044522046226,-0.00021300315804488075,0.4511363636363636,0.9454412559797519,-0.004738785686777413,0.004672792183384701
LOW_24H_CONTINUE_SHORT,5,ETHUSDT,0.0004,1760,-0.000495745017272412,-0.0007932564115036729,-0.0006577904452204622,-0.000613003158044881,0.39943181818181817,0.7503423487928211,-0.0051387856867774135,0.004272792183384701
LOW_24H_CONTINUE_SHORT,5,ETHUSDT,0.0006,1760,-0.000695745017272412,-0.0009932564115036728,-0.0008577904452204624,-0.0008130031580448806,0.3721590909090909,0.670053821879067,-0.005338785686777413,0.004072792183384701
LOW_24H_CONTINUE_SHORT,5,SOLUSDT,0.0,2388,-0.0004770125327675213,-0.000477170689040074,-0.0004933149590505642,-0.0005200197353171866,0.42797319932998323,0.7634815340783097,-0.005221782989799761,0.004168706809325429
LOW_24H_CONTINUE_SHORT,5,SOLUSDT,0.0004,2388,-0.0008770125327675212,-0.000877170689040074,-0.0008933149590505641,-0.0009200197353171866,0.3814907872696817,0.6110248675840144,-0.005621782989799761,0.0037687068093254293
LOW_24H_CONTINUE_SHORT,5,SOLUSDT,0.0006,2388,-0.0010770125327675213,-0.0010771706890400738,-0.0010933149590505644,-0.0011200197353171864,0.36139028475711893,0.547471350576602,-0.0058217829897997606,0.0035687068093254296
LOW_24H_CONTINUE_SHORT,15,BNBUSDT,0.0,2448,-0.00023679229021752372,-0.00037050999012255836,-0.0004213093887953602,-0.0003914026269977873,0.4497549019607843,0.8936266719973843,-0.0062203389573675764,0.005155037014233516
LOW_24H_CONTINUE_SHORT,15,BNBUSDT,0.0004,2448,-0.0006367922902175236,-0.0007705099901225583,-0.0008213093887953603,-0.0007914026269977872,0.40236928104575165,0.7407360788004792,-0.006620338957367577,0.0047550370142335156
LOW_24H_CONTINUE_SHORT,15,BNBUSDT,0.0006,2448,-0.0008367922902175239,-0.0009705099901225583,-0.0010213093887953602,-0.000991402626997787,0.3758169934640523,0.6754758592638518,-0.006820338957367576,0.004555037014233516
LOW_24H_CONTINUE_SHORT,15,BTCUSDT,0.0,2303,-0.0003649779662292442,-0.00047446633386516446,-0.00042186656025490715,-0.0004169271407897832,0.42987407729049065,0.8035300273811821,-0.005332786770659314,0.004610755311708671
LOW_24H_CONTINUE_SHORT,15,BTCUSDT,0.0004,2303,-0.0007649779662292443,-0.0008744663338651644,-0.0008218665602549071,-0.0008169271407897833,0.38514980460269216,0.634802567127744,-0.005732786770659314,0.004210755311708671
LOW_24H_CONTINUE_SHORT,15,BTCUSDT,0.0006,2303,-0.0009649779662292442,-0.0010744663338651643,-0.001021866560254908,-0.001016927140789783,0.3612679114198871,0.5652980678308744,-0.005932786770659314,0.004010755311708671
LOW_24H_CONTINUE_SHORT,15,ETHUSDT,0.0,1760,0.00018836850817450525,-0.0006769525870125026,-0.0002262001095900471,-6.88753909405453e-05,0.43920454545454546,1.0730203343707867,-0.0069553883826460215,0.008195512428192105
LOW_24H_CONTINUE_SHORT,15,ETHUSDT,0.0004,1760,-0.00021163149182549455,-0.0010769525870125026,-0.0006262001095900468,-0.00046887539094054523,0.41363636363636364,0.9246622310682416,-0.007355388382646022,0.007795512428192104
LOW_24H_CONTINUE_SHORT,15,ETHUSDT,0.0006,1760,-0.0004116314918254952,-0.0012769525870125024,-0.000826200109590048,-0.0006688753909405453,0.39886363636363636,0.8594043514039331,-0.007555388382646021,0.007595512428192105
LOW_24H_CONTINUE_SHORT,15,SOLUSDT,0.0,2388,-0.0007106809359960412,-0.0009575397519190343,-0.0007467215836466348,-0.0007312441279125985,0.4212730318257956,0.7751622890368375,-0.008258515637962515,0.007012520423578609
LOW_24H_CONTINUE_SHORT,15,SOLUSDT,0.0004,2388,-0.0011106809359960413,-0.0013575397519190343,-0.0011467215836466346,-0.0011312441279125985,0.39824120603015073,0.6729731110344006,-0.008658515637962515,0.006612520423578609
LOW_24H_CONTINUE_SHORT,15,SOLUSDT,0.0006,2388,-0.0013106809359960411,-0.0015575397519190341,-0.001346721583646635,-0.0013312441279125986,0.38358458961474035,0.6274536861861829,-0.008858515637962515,0.006412520423578609
LOW_24H_CONTINUE_SHORT,30,BNBUSDT,0.0,2448,-0.0005276094624660784,-0.0007949629213382936,-0.0006714055546311794,-0.0006116008760177833,0.4334150326797386,0.8221091987765425,-0.007915941491515154,0.006924078439074868
LOW_24H_CONTINUE_SHORT,30,BNBUSDT,0.0004,2448,-0.0009276094624660783,-0.0011949629213382936,-0.0010714055546311794,-0.0010116008760177834,0.40318627450980393,0.7099700784675921,-0.008315941491515154,0.006524078439074868
LOW_24H_CONTINUE_SHORT,30,BNBUSDT,0.0006,2448,-0.0011276094624660788,-0.0013949629213382934,-0.00127140555463118,-0.0012116008760177832,0.38766339869281047,0.6602771908911262,-0.008515941491515154,0.006324078439074868
LOW_24H_CONTINUE_SHORT,30,BTCUSDT,0.0,2303,-0.0006227994846157981,-0.0007676859197871533,-0.0006939727437939299,-0.0006611193277779625,0.4185844550586192,0.7517686538800186,-0.006942223889557786,0.005767090760315964
LOW_24H_CONTINUE_SHORT,30,BTCUSDT,0.0004,2303,-0.001022799484615798,-0.0011676859197871532,-0.0010939727437939296,-0.0010611193277779624,0.38254450716456795,0.6278224370785925,-0.007342223889557786,0.0053670907603159635
LOW_24H_CONTINUE_SHORT,30,BTCUSDT,0.0006,2303,-0.0012227994846157983,-0.0013676859197871531,-0.001293972743793931,-0.0012611193277779623,0.3673469387755102,0.5744242949597839,-0.007542223889557786,0.005167090760315964
LOW_24H_CONTINUE_SHORT,30,ETHUSDT,0.0,1760,7.44161640121955e-05,-0.0010799655839335287,-0.00028700128538559867,-4.740855056144021e-05,0.4278409090909091,1.0214624018041873,-0.009432927965397676,0.011584332566848012
LOW_24H_CONTINUE_SHORT,30,ETHUSDT,0.0004,1760,-0.00032558383598780416,-0.0014799655839335287,-0.0006870012853855986,-0.00044740855056143997,0.4005681818181818,0.9120335267530799,-0.009832927965397675,0.011184332566848013
LOW_24H_CONTINUE_SHORT,30,ETHUSDT,0.0006,1760,-0.000525583835987805,-0.0016799655839335285,-0.0008870012853855994,-0.0006474085505614403,0.39034090909090907,0.8624870348362481,-0.010032927965397676,0.010984332566848012
LOW_24H_CONTINUE_SHORT,30,SOLUSDT,0.0,2388,-0.0010881818338326842,-0.0013038030834686687,-0.0009356344391324636,-0.0008918410871548688,0.4212730318257956,0.7339544603426614,-0.010767764029486648,0.00973679982212431
LOW_24H_CONTINUE_SHORT,30,SOLUSDT,0.0004,2388,-0.001488181833832684,-0.0017038030834686687,-0.0013356344391324635,-0.001291841087154869,0.40117252931323283,0.6559179534459932,-0.011167764029486648,0.009336799822124311
LOW_24H_CONTINUE_SHORT,30,SOLUSDT,0.0006,2388,-0.0016881818338326843,-0.0019038030834686685,-0.0015356344391324638,-0.0014918410871548689,0.3898659966499162,0.6202908532559553,-0.011367764029486648,0.00913679982212431
LOW_24H_CONTINUE_SHORT,60,BNBUSDT,0.0,2448,-0.000970332881953757,-0.0010899845028522481,-0.0009969664070332313,-0.0009693439611315169,0.42606209150326796,0.750262270994488,-0.010947381923049958,0.008854091617019014
LOW_24H_CONTINUE_SHORT,60,BNBUSDT,0.0004,2448,-0.001370332881953757,-0.001489984502852248,-0.0013969664070332313,-0.0013693439611315167,0.39950980392156865,0.66738750396769,-0.011347381923049958,0.008454091617019014
LOW_24H_CONTINUE_SHORT,60,BNBUSDT,0.0006,2448,-0.0015703328819537572,-0.001689984502852248,-0.0015969664070332316,-0.0015693439611315168,0.3839869281045752,0.629771784845813,-0.011547381923049958,0.008254091617019014
LOW_24H_CONTINUE_SHORT,60,BTCUSDT,0.0,2303,-0.0007610939970012552,-0.000987074379919406,-0.000797550059268984,-0.0007409732190083542,0.42205818497611813,0.7627251486652387,-0.009007861212848177,0.007664860835589238
LOW_24H_CONTINUE_SHORT,60,BTCUSDT,0.0004,2303,-0.0011610939970012552,-0.001387074379919406,-0.001197550059268984,-0.001140973219008354,0.4012158054711246,0.6627427927690983,-0.009407861212848177,0.007264860835589238
LOW_24H_CONTINUE_SHORT,60,BTCUSDT,0.0006,2303,-0.0013610939970012553,-0.0015870743799194058,-0.001397550059268985,-0.0013409732190083543,0.38254450716456795,0.6181470541643654,-0.009607861212848177,0.0070648608355892385
LOW_24H_CONTINUE_SHORT,60,ETHUSDT,0.0,1760,-0.0005754880045223344,-0.0016616005110776655,-0.0007802676882678906,-0.0006027405697089171,0.4159090909090909,0.8747973532911096,-0.012551530547221046,0.013628724082324774
LOW_24H_CONTINUE_SHORT,60,ETHUSDT,0.0004,1760,-0.0009754880045223338,-0.0020616005110776657,-0.001180267688267891,-0.0010027405697089168,0.4034090909090909,0.7981302302283627,-0.012951530547221046,0.013228724082324774
LOW_24H_CONTINUE_SHORT,60,ETHUSDT,0.0006,1760,-0.0011754880045223353,-0.0022616005110776653,-0.001380267688267892,-0.0012027405697089175,0.39488636363636365,0.7626446027256982,-0.013151530547221046,0.013028724082324774
LOW_24H_CONTINUE_SHORT,60,SOLUSDT,0.0,2388,-0.0015313060408111462,-0.0016331404427298857,-0.0014257354425000123,-0.0014150482771403824,0.4166666666666667,0.7140868489718406,-0.014838399446571926,0.012528275836793583
LOW_24H_CONTINUE_SHORT,60,SOLUSDT,0.0004,2388,-0.0019313060408111457,-0.002033140442729886,-0.001825735442500013,-0.0018150482771403826,0.40117252931323283,0.6546563586394475,-0.015238399446571925,0.012128275836793583
LOW_24H_CONTINUE_SHORT,60,SOLUSDT,0.0006,2388,-0.0021313060408111465,-0.0022331404427298855,-0.0020257354425000126,-0.0020150482771403824,0.3936348408710218,0.626930381089353,-0.015438399446571925,0.011928275836793583
LOW_24H_CONTINUE_SHORT,120,BNBUSDT,0.0,2448,-0.0013964834819371694,-0.0015639118146348885,-0.0014393764938358947,-0.0013089507609602964,0.4133986928104575,0.7221998000047315,-0.013644668354200706,0.011581208191047455
LOW_24H_CONTINUE_SHORT,120,BNBUSDT,0.0004,2448,-0.001796483481937169,-0.0019639118146348887,-0.0018393764938358956,-0.0017089507609602966,0.3966503267973856,0.6587844190981996,-0.014044668354200705,0.011181208191047455
LOW_24H_CONTINUE_SHORT,120,BNBUSDT,0.0006,2448,-0.00199648348193717,-0.0021639118146348883,-0.002039376493835896,-0.001908950760960297,0.3888888888888889,0.6293431945564044,-0.014244668354200705,0.010981208191047455
LOW_24H_CONTINUE_SHORT,120,BTCUSDT,0.0,2303,-0.0006375157370953154,-0.0011258335498398608,-0.0007008498242686011,-0.0006429748421450909,0.43378202344767697,0.8404448640630597,-0.011170121821547108,0.01104621038961112
LOW_24H_CONTINUE_SHORT,120,BTCUSDT,0.0004,2303,-0.0010375157370953153,-0.0015258335498398608,-0.0011008498242686016,-0.0010429748421450908,0.4120712114633087,0.7545281154640465,-0.011570121821547107,0.01064621038961112
LOW_24H_CONTINUE_SHORT,120,BTCUSDT,0.0006,2303,-0.001237515737095316,-0.0017258335498398607,-0.0013008498242686021,-0.0012429748421450908,0.39774207555362573,0.7152281104542605,-0.011770121821547108,0.01044621038961112
LOW_24H_CONTINUE_SHORT,120,ETHUSDT,0.0,1760,-0.0003886570713501437,-0.0015855298001152818,-0.000642265353758288,-0.00041367838351489877,0.4375,0.9303771682596721,-0.015858714388835637,0.017605821695215487
LOW_24H_CONTINUE_SHORT,120,ETHUSDT,0.0004,1760,-0.0007886570713501431,-0.001985529800115282,-0.0010422653537582893,-0.0008136783835148986,0.42556818181818185,0.8642472730963563,-0.016258714388835638,0.017205821695215485
LOW_24H_CONTINUE_SHORT,120,ETHUSDT,0.0006,1760,-0.0009886570713501443,-0.0021855298001152816,-0.0012422653537582887,-0.0010136783835148994,0.4153409090909091,0.8331517917351872,-0.016458714388835637,0.017005821695215487
LOW_24H_CONTINUE_SHORT,120,SOLUSDT,0.0,2388,-0.0013217515297016156,-0.0016681387899180056,-0.0013123780327861762,-0.0012084149202250007,0.43844221105527637,0.802384332675222,-0.018676378997832786,0.017022550769045543
LOW_24H_CONTINUE_SHORT,120,SOLUSDT,0.0004,2388,-0.0017217515297016147,-0.0020681387899180058,-0.001712378032786178,-0.0016084149202250004,0.42169179229480735,0.75106360213165,-0.019076378997832787,0.016622550769045542
LOW_24H_CONTINUE_SHORT,120,SOLUSDT,0.0006,2388,-0.0019217515297016163,-0.0022681387899180054,-0.001912378032786176,-0.001808414920225001,0.41331658291457285,0.7267473826126809,-0.019276378997832785,0.016422550769045544
LOW_24H_REVERSE_LONG,5,BNBUSDT,0.0,2448,0.00013894647328752894,7.85341890103819e-05,0.0001419385213055752,0.0001553868142831755,0.5175653594771242,1.1139949771160798,-0.0034884739823586083,0.003648096574368534
LOW_24H_REVERSE_LONG,5,BNBUSDT,0.0004,2448,-0.0002610535267124711,-0.0003214658109896181,-0.0002580614786944251,-0.0002446131857168246,0.43423202614379086,0.8173964490621726,-0.0038884739823586085,0.003248096574368534
LOW_24H_REVERSE_LONG,5,BNBUSDT,0.0006,2448,-0.00046105352671247095,-0.000521465810989618,-0.0004580614786944247,-0.00044461318571682436,0.39950980392156865,0.7018669009099049,-0.004088473982358608,0.003048096574368534
LOW_24H_REVERSE_LONG,5,BTCUSDT,0.0,2303,0.00021319774257305154,0.00025101851550379806,0.0002602521571395357,0.0002477345703226301,0.5510204081632653,1.220774889815899,-0.0028361876633274273,0.0033650886103698176
LOW_24H_REVERSE_LONG,5,BTCUSDT,0.0004,2303,-0.0001868022574269485,-0.00014898148449620196,-0.00013974784286046427,-0.00015226542967736997,0.467216673903604,0.8391817254781614,-0.0032361876633274275,0.0029650886103698175
LOW_24H_REVERSE_LONG,5,BTCUSDT,0.0006,2303,-0.00038680225742694836,-0.0003489814844962019,-0.0003397478428604644,-0.0003522654296773698,0.4194528875379939,0.6961439308796578,-0.003436187663327427,0.002765088610369818
LOW_24H_REVERSE_LONG,5,ETHUSDT,0.0,1760,9.574501727241196e-05,0.00039325641150367296,0.00025779044522046226,0.00021300315804488064,0.5482954545454546,1.057707175009736,-0.0046727921833847,0.004738785686777415
LOW_24H_REVERSE_LONG,5,ETHUSDT,0.0004,1760,-0.00030425498272758795,-6.7435884963270546e-06,-0.0001422095547795376,-0.00018699684195511943,0.49829545454545454,0.8355547839054573,-0.0050727921833847,0.004338785686777415
LOW_24H_REVERSE_LONG,5,ETHUSDT,0.0006,1760,-0.0005042549827275881,-0.00020674358849632698,-0.00034220955477953785,-0.0003869968419551193,0.46875,0.7417839557551149,-0.0052727921833847,0.004138785686777415
LOW_24H_REVERSE_LONG,5,SOLUSDT,0.0,2388,0.0004770125327675213,0.000477170689040074,0.0004933149590505642,0.0005200197353171866,0.5607202680067002,1.3097893732390269,-0.004168706809325429,0.005221782989799764
LOW_24H_REVERSE_LONG,5,SOLUSDT,0.0004,2388,7.701253276752132e-05,7.717068904007396e-05,9.331495905056418e-05,0.00012001973531718646,0.509212730318258,1.0446551027421722,-0.004568706809325429,0.004821782989799764
LOW_24H_REVERSE_LONG,5,SOLUSDT,0.0006,2388,-0.00012298746723247856,-0.00012282931095992597,-0.00010668504094943589,-7.99802646828133e-05,0.4836683417085427,0.9326218361573767,-0.004768706809325429,0.004621782989799764
LOW_24H_REVERSE_LONG,15,BNBUSDT,0.0,2448,0.00023679229021752372,0.00037050999012255836,0.00042130938879536,0.00039140262699778757,0.5494281045751634,1.1190355338934277,-0.00515503701423351,0.006220338957367581
LOW_24H_REVERSE_LONG,15,BNBUSDT,0.0004,2448,-0.00016320770978247627,-2.9490009877441656e-05,2.1309388795360302e-05,-8.597373002212504e-06,0.4959150326797386,0.9251385833109812,-0.00555503701423351,0.005820338957367581
LOW_24H_REVERSE_LONG,15,BNBUSDT,0.0006,2448,-0.0003632077097824764,-0.00022949000987744158,-0.00017869061120464024,-0.00020859737300221235,0.4652777777777778,0.8409632615816447,-0.0057550370142335095,0.005620338957367581
LOW_24H_REVERSE_LONG,15,BTCUSDT,0.0,2303,0.0003649779662292442,0.00047446633386516446,0.00042186656025490726,0.0004169271407897835,0.5692574902301346,1.2445085633689899,-0.0046107553117086695,0.005332786770659316
LOW_24H_REVERSE_LONG,15,BTCUSDT,0.0004,2303,-3.50220337707559e-05,7.446633386516444e-05,2.1866560254907632e-05,1.69271407897834e-05,0.5123751628310899,0.9791160817859471,-0.00501075531170867,0.004932786770659316
LOW_24H_REVERSE_LONG,15,BTCUSDT,0.0006,2303,-0.0002350220337707558,-0.0001255336661348355,-0.00017813343974509325,-0.0001830728592102163,0.48111159357359967,0.8678065450823667,-0.005210755311708669,0.004732786770659316
LOW_24H_REVERSE_LONG,15,ETHUSDT,0.0,1760,-0.00018836850817450525,0.0006769525870125026,0.0002262001095900471,6.887539094054504e-05,0.5602272727272727,0.9319487878916989,-0.008195512428192097,0.006955388382646024
LOW_24H_REVERSE_LONG,15,ETHUSDT,0.0004,1760,-0.0005883685081745051,0.0002769525870125026,-0.00017379989040995256,-0.00033112460905945497,0.5289772727272727,0.8005847145490277,-0.008595512428192096,0.006555388382646024
LOW_24H_REVERSE_LONG,15,ETHUSDT,0.0006,1760,-0.0007883685081745055,7.695258701250266e-05,-0.0003737998904099535,-0.000531124609059455,0.509090909090909,0.741221733170936,-0.008795512428192096,0.006355388382646024
LOW_24H_REVERSE_LONG,15,SOLUSDT,0.0,2388,0.0007106809359960412,0.0009575397519190343,0.0007467215836466348,0.000731244127912599,0.576214405360134,1.2900524369452107,-0.007012520423578605,0.008258515637962519
LOW_24H_REVERSE_LONG,15,SOLUSDT,0.0004,2388,0.00031068093599604106,0.0005575397519190343,0.00034672158364663507,0.000331244127912599,0.5498324958123953,1.1183594365442169,-0.007412520423578605,0.00785851563796252
LOW_24H_REVERSE_LONG,15,SOLUSDT,0.0006,2388,0.00011068093599604119,0.00035753975191903434,0.00014672158364663416,0.0001312441279125991,0.5318257956448911,1.0407401331984805,-0.007612520423578605,0.007658515637962519
LOW_24H_REVERSE_LONG,30,BNBUSDT,0.0,2448,0.0005276094624660784,0.0007949629213382936,0.0006714055546311801,0.000611600876017784,0.565359477124183,1.216383421433787,-0.006924078439074865,0.007915941491515166
LOW_24H_REVERSE_LONG,30,BNBUSDT,0.0004,2448,0.00012760946246607847,0.0003949629213382936,0.0002714055546311796,0.00021160087601778416,0.5310457516339869,1.0487200956935856,-0.007324078439074865,0.007515941491515165
LOW_24H_REVERSE_LONG,30,BNBUSDT,0.0006,2448,-7.239053753392177e-05,0.00019496292133829366,7.140555463117944e-05,1.1600876017784162e-05,0.5171568627450981,0.9733295127705058,-0.007524078439074865,0.0073159414915151665
LOW_24H_REVERSE_LONG,30,BTCUSDT,0.0,2303,0.0006227994846157981,0.0007676859197871533,0.0006939727437939299,0.0006611193277779639,0.5814155449413808,1.3301964571664608,-0.005767090760315963,0.006942223889557786
LOW_24H_REVERSE_LONG,30,BTCUSDT,0.0004,2303,0.0002227994846157982,0.00036768591978715326,0.00029397274379393013,0.0002611193277779638,0.536257056013895,1.108046829607426,-0.006167090760315963,0.006542223889557786
LOW_24H_REVERSE_LONG,30,BTCUSDT,0.0006,2303,2.2799484615798147e-05,0.00016768591978715333,9.397274379392921e-05,6.111932777796395e-05,0.5175857577073383,1.0105711320429038,-0.006367090760315963,0.006342223889557786
LOW_24H_REVERSE_LONG,30,ETHUSDT,0.0,1760,-7.44161640121955e-05,0.0010799655839335287,0.00028700128538559954,4.7408550561439616e-05,0.5721590909090909,0.978988554286209,-0.01158433256684801,0.009432927965397676
LOW_24H_REVERSE_LONG,30,ETHUSDT,0.0004,1760,-0.00047441616401219523,0.0006799655839335287,-0.000112998714614401,-0.0003525914494385603,0.5465909090909091,0.8723946649189357,-0.01198433256684801,0.009032927965397676
LOW_24H_REVERSE_LONG,30,ETHUSDT,0.0006,1760,-0.0006744161640121959,0.00047996558393352876,-0.0003129987146144011,-0.0005525914494385605,0.5318181818181819,0.8229889087974437,-0.01218433256684801,0.008832927965397676
LOW_24H_REVERSE_LONG,30,SOLUSDT,0.0,2388,0.0010881818338326842,0.0013038030834686687,0.0009356344391324636,0.0008918410871548691,0.5745393634840871,1.362482352833076,-0.009736799822124309,0.010767764029486652
LOW_24H_REVERSE_LONG,30,SOLUSDT,0.0004,2388,0.0006881818338326842,0.0009038030834686687,0.000535634439132464,0.0004918410871548692,0.5515075376884422,1.2166467313673173,-0.010136799822124308,0.010367764029486653
LOW_24H_REVERSE_LONG,30,SOLUSDT,0.0006,2388,0.00048818183383268396,0.0007038030834686687,0.00033563443913246327,0.00029184108715486914,0.5402010050251256,1.149408384257475,-0.010336799822124309,0.010167764029486652
LOW_24H_REVERSE_LONG,60,BNBUSDT,0.0,2448,0.000970332881953757,0.0010899845028522481,0.0009969664070332315,0.0009693439611315169,0.5735294117647058,1.3328672367790526,-0.00885409161701901,0.010947381923049962
LOW_24H_REVERSE_LONG,60,BNBUSDT,0.0004,2448,0.0005703328819537571,0.0006899845028522482,0.0005969664070332313,0.0005693439611315172,0.548202614379085,1.1845050388565965,-0.00925409161701901,0.010547381923049963
LOW_24H_REVERSE_LONG,60,BNBUSDT,0.0006,2448,0.0003703328819537566,0.0004899845028522482,0.0003969664070332308,0.00036934396113151694,0.5355392156862745,1.1163570209566887,-0.00945409161701901,0.010347381923049962
LOW_24H_REVERSE_LONG,60,BTCUSDT,0.0,2303,0.0007610939970012552,0.000987074379919406,0.0007975500592689842,0.0007409732190083544,0.5779418150238819,1.3110882757045443,-0.0076648608355892375,0.00900786121284818
LOW_24H_REVERSE_LONG,60,BTCUSDT,0.0004,2303,0.00036109399700125536,0.000587074379919406,0.00039755005926898456,0.00034097321900835453,0.541033434650456,1.1376293626941096,-0.008064860835589237,0.008607861212848181
LOW_24H_REVERSE_LONG,60,BTCUSDT,0.0006,2303,0.00016109399700125517,0.000387074379919406,0.0001975500592689837,0.00014097321900835463,0.5275727312201476,1.0592983926000006,-0.008264860835589237,0.008407861212848181
LOW_24H_REVERSE_LONG,60,ETHUSDT,0.0,1760,0.0005754880045223344,0.0016616005110776655,0.0007802676882678906,0.0006027405697089169,0.5840909090909091,1.1431218855862568,-0.013628724082324772,0.012551530547221046
LOW_24H_REVERSE_LONG,60,ETHUSDT,0.0004,1760,0.00017548800452233486,0.0012616005110776655,0.00038026768826789086,0.00020274056970891714,0.5636363636363636,1.0418662293326724,-0.014028724082324771,0.012151530547221047
LOW_24H_REVERSE_LONG,60,ETHUSDT,0.0006,1760,-2.4511995477666217e-05,0.0010616005110776656,0.00018026768826789045,2.740569708916724e-06,0.5568181818181818,0.994272311304079,-0.014228724082324772,0.011951530547221046
LOW_24H_REVERSE_LONG,60,SOLUSDT,0.0,2388,0.0015313060408111462,0.0016331404427298857,0.0014257354425000128,0.0014150482771403826,0.5820770519262981,1.400389884563515,-0.012528275836793579,0.014838399446571927
LOW_24H_REVERSE_LONG,60,SOLUSDT,0.0004,2388,0.0011313060408111465,0.0012331404427298857,0.0010257354425000126,0.0010150482771403826,0.5636515912897823,1.2831704739288892,-0.012928275836793578,0.014438399446571928
LOW_24H_REVERSE_LONG,60,SOLUSDT,0.0006,2388,0.0009313060408111458,0.0010331404427298858,0.0008257354425000119,0.0008150482771403827,0.5565326633165829,1.2280904171221965,-0.013128275836793579,0.014238399446571928
LOW_24H_REVERSE_LONG,120,BNBUSDT,0.0,2448,0.0013964834819371694,0.0015639118146348885,0.0014393764938358947,0.0013089507609602973,0.5866013071895425,1.3846583729231834,-0.011581208191047443,0.013644668354200707
LOW_24H_REVERSE_LONG,120,BNBUSDT,0.0004,2448,0.00099648348193717,0.0011639118146348885,0.0010393764938358958,0.0009089507609602972,0.5633169934640523,1.262162914078937,-0.011981208191047442,0.013244668354200708
LOW_24H_REVERSE_LONG,120,BNBUSDT,0.0006,2448,0.0007964834819371688,0.0009639118146348885,0.0008393764938358952,0.0007089507609602969,0.5514705882352942,1.2047798499637463,-0.012181208191047442,0.013044668354200708
LOW_24H_REVERSE_LONG,120,BTCUSDT,0.0,2303,0.0006375157370953154,0.0011258335498398608,0.0007008498242686011,0.0006429748421450919,0.5657837603126357,1.1898460479198891,-0.01104621038961111,0.01117012182154711
LOW_24H_REVERSE_LONG,120,BTCUSDT,0.0004,2303,0.0002375157370953156,0.0007258335498398609,0.00030084982426860146,0.00024297484214509186,0.5419018671298307,1.067170947125093,-0.011446210389611109,0.01077012182154711
LOW_24H_REVERSE_LONG,120,BTCUSDT,0.0006,2303,3.7515737095315166e-05,0.0005258335498398609,0.00010084982426860102,4.297484214509181e-05,0.531480677377334,1.010339019288556,-0.01164621038961111,0.01057012182154711
LOW_24H_REVERSE_LONG,120,ETHUSDT,0.0,1760,0.0003886570713501437,0.0015855298001152818,0.000642265353758288,0.0004136783835148981,0.5625,1.0748329109048986,-0.017605821695215473,0.01585871438883564
LOW_24H_REVERSE_LONG,120,ETHUSDT,0.0004,1760,-1.1342928649855669e-05,0.0011855298001152818,0.00024226535375828831,1.3678383514898643e-05,0.5505681818181818,0.9978881646194763,-0.018005821695215474,0.015458714388835641
LOW_24H_REVERSE_LONG,120,ETHUSDT,0.0006,1760,-0.00021134292864985707,0.000985529800115282,4.226535375828846e-05,-0.00018632161648510202,0.5443181818181818,0.9613045813987933,-0.018205821695215472,0.01525871438883564
LOW_24H_REVERSE_LONG,120,SOLUSDT,0.0,2388,0.0013217515297016156,0.0016681387899180056,0.0013123780327861773,0.0012084149202250016,0.5582077051926299,1.2462855507982185,-0.01702255076904554,0.018676378997832793
LOW_24H_REVERSE_LONG,120,SOLUSDT,0.0004,2388,0.0009217515297016161,0.0012681387899180056,0.0009123780327861759,0.0008084149202250022,0.5456448911222781,1.1662133787709152,-0.01742255076904554,0.01827637899783279
LOW_24H_REVERSE_LONG,120,SOLUSDT,0.0006,2388,0.0007217515297016151,0.0010681387899180057,0.0007123780327861762,0.0006084149202250016,0.538107202680067,1.1280355345592823,-0.01762255076904554,0.018076378997832793
